"location","text"
"Panegyr.Constant._1","πάλαι@anvms- ἐγώ@rpams προθυμέομαι@vppeams ὦ@i μέγας@anvms- βασιλεύς@nvmsc ὁ@dafs σός@anafs- ἀρετή@nafsc καί@cs πρᾶξις@nafpc ὑμνέω@vnaa-- καί@b ὁ@damp πόλεμος@nampc ἀπαριθμέω@vnam-- καί@cs ὁ@dafp τυραννίς@nafpc ὅπως@cs ἀναιρέω@vira2s ὁ@dgfs μέν@b λόγος@ndmsc καί@cs πειθώ@ndfsc ὁ@damp δορύφορος@anamp- ἀφίστημι@vpaanms ὁ@dgfs δέ@cs ὁ@ddnp ὅπλον@ndnpc κρατέω@vpaanms ὁ@dans μέγεθος@nansc ἔργω@viia3s ὁ@dgfp πρᾶξις@ngfpc οὐ@b ὁ@dans βραχύς@anans- λείπω@vnap-- ὁ@ddms λόγος@ndmsc ὁ@dgnp ἔργον@ngnpc δεινός@anans- κρίνω@vppaams ἀλλά@cs ὁ@dans παντελής@b ὁ@dgfs ὑπόθεσις@ngfsc διαμαρτάνω@vnaa-- δοκέω@vnaa-- ὁ@ddmp μέν@b γάρ@b περί@p ὁ@damp πολιτικός@anamp- ἀγών@nampc καί@cs ὁ@dafs ποίησις@nafsc διατρίβω@vppadmp οὐδείς@rpnns θαυμαστός@annns- εἰ@cs ῥᾴδιος@b ἔξεστι@vipa3s ἐγχειρέω@vnpa-- ὁ@ddmp ἔπαινος@ndmpc ὁ@dgnp σύ@rpdcs πράσσω@vpapgnp περίειμι1@vipa3s γάρ@b αὐτός@rpdmp ἐκ@p ὁ@dgfs ὁ@dgns λέγω3@vnpa-- μελέτη@ngfsc καί@cs ὁ@dgfs πρός@p ὁ@dafp ἐπίδειξις@nafpc συνήθεια@ngfsc ὁ@dnns θαρσέω@vnpa-- ἐν@p δίκη@ndfsc ὅσος@annmp- δέ@b ὁ@dgns μέν@b τοιοῦτος@angns- μέρος@ngnsc κατολιγωρέω@viaa3p ὁρμάω@viia3p δέ@cs ἐπί@p ἕτερος@anans- παιδεία@ngfsc εἶδος@nansc καί@cs λόγος@ngmpc συγγραφή@nafsc οὐ@b δῆμος@ndmsc χαρίζομαι@vpreafs οὐ@b δέ@cs εἰς@p θέατρον@nanpc παντοδαπός@ananp- τολμάω@vppaafs ἀποδύω@vnpe-- πρός@p ὁ@dafp ἐπίδειξις@nafpc ἔχω@vopa3p ἄν@b εἰκότως@b εὐλαβής@b εἰμί@vipa3s γάρ@b οὐ@b ἄδηλος@annns- οὗτος@rpnns ὅτι@cs ὁ@ddmp μέν@b ποιητής@ndmpc μοῦσα@nnfpp καί@b ὁ@dnns δοκέω@vnpa-- ἐκεῖθεν@b ἐπιπνέω@vppeamp ὁ@dafs ποίησις@nafsc γράφω@vnpa-- ἄφθονος@anafs- παρέχω@vipa3s ὁ@dafs ἐξουσία@nafsc ὁ@dgns πλάσμα@ngnsc ὁ@ddmp ῥήτωρ@ndmpc δέ@b ὁ@dnfs τέχνη@nnfsc ὁ@dafs ἴσος@anafs- παρέχω@viaa3s ἄδεια@nafsc ὁ@dans μέν@b πλάσσω@vnpa-- ἀφαιρέω@vpamnfs ὁ@dans δέ@b κολακεύω@vnpa-- οὐδαμῶς@b ἀπαγορεύω@vpaanfs οὐ@b δέ@cs αἰσχύνη@nafsc ὁμολογέω@vppeafs ὁ@ddms λέγω3@vppadms ὁ@dans ψευδής@b ἐπαινέω@vnpa-- ὁ@damp οὐ@b ἄξιος@anamp- ἔπαινος@ngmsc κρίνω@vpaanfs ἀλλά@cs ὁ@dnmp μέν@b ἐπειδάν@cs καινός@anams- τις@rpacs μῦθος@namsc καί@cs μηδέπω@b ὁ@ddmp πρόσθεν@b ἐπινοέω@vpapams φέρω@vspa3p αὐτός@rpnmp συντίθημι@vpaanmp ὁ@ddns ξένος@andns- ὁ@damp ἀκούω@vppaamp ψυχαγωγέω@vpaanmp πλέος@anans- θαυμάζω@vipe3p ὁ@dnmp δέ@b ὁ@dgfs τέχνη@ngfsc ἀπολαύω@vnaa-- φημί@vipa3p ἐν@p ὁ@ddns δύναμαι@vnpe-- περί@p ὁ@dgnp μικρός@angnp- μέγας@b διέρχομαι@vnaa-- καί@b ὁ@dans μέγεθος@nansc ἀφαιρέω@vnaa-- ὁ@dgnp ἔργον@ngnpc ὁ@ddms λόγος@ndmsc καί@cs ὅλος@b ἀντιτάσσω@vnpa-- ὁ@ddfs ὁ@dgnp πρᾶγμα@ngnpc φύσις@ndfsc ὁ@dafs δύναμις@nafsc ὁ@dgmp λόγος@ngmpc ἐγώ@rpncs δέ@b εἰ@cs μέν@b ὁράω@viia1s οὗτος@rpgfs ἐμαυτοῦ@rpams ἐπί@p ὁ@dgns πάρειμι1@vppagns ἐν@p χρεία@ndfsc ὁ@dgfs τέχνη@ngfsc ἄγω@viia1s ἄν@b ὁ@dafs προσήκω@vppaafs ἡσυχία@nafsc ὁ@ddmp ἀμελετήτως@b ἔχω@vppadmp ὁ@dgmp τοιοῦτος@rpgmp λόγος@ngmpc παραχωρέω@vppanms ὁ@dgnp σός@angnp- ἐγκώμιος@angnp- ἐκεῖνος@rpdmp ὅς@rpgmp μικρός@andns- πρόσθεν@b μιμνήσκω@viap1s ἐπεί@cs δέ@b ἅπας@anans- ὁ@dans ἐναντίος@anans- ὁ@dnms πάρειμι@vppanms ἀπαιτέω@vipa3s λόγος@nnmsc ὁ@dgnp πρᾶγμα@ngnpc ἁπλόος@anafs- διήγησις@nafsc οὐδείς@angms- ἐπείσακτος@angms- κόσμος@ngmsc δέω2@vppeafs δοκέω@viaa3s καί@b ἐγώ@rpd-s προσήκω@vnpa-- ὁ@dgns ἄξιος@b διηγέομαι@vnam-- ὁ@dgnp ἔργον@ngnpc ἀνέφικτος@angns- καί@b ὁ@ddmp προλαμβάνω@vpaadmp ἤδη@b φαίνω@vpapgns ἅπας@annmp- γάρ@b σχεδόν@b ὁ@dnmp περί@p παιδεία@nafsc διατρίβω@vppanmp σύ@rpams ἐν@p μέτρον@ndnsc καί@cs καταλογάδην@b ὑμνέω@vipa3p ὁ@dnmp μέν@b ἅπας@ananp- περιλαμβάνω@vnaa-- ἐν@p βραχύς@andns- τολμάω@vppanmp ὁ@dnmp δέ@cs μέρος@ndnpc ἑαυτοῦ@rpamp ἐπεῖδον@vpaanmp ὁ@dgfp πρᾶξις@ngfpc ἀρκέω@vnpa-- οἴομαι@viap3p εἰ@cs οὗτος@rpgfp ὁ@dgfs ἀξία@ngfsc μή@b διαμαρτάνω@voaa3p ἄξιος@annns- δέ@b ἄγαμαι@vnpe-- ὁ@dafs προθυμία@nafsc ὁ@dgmp ἀνήρ@ngmpc ἅπας@angmp- ὅσος@annmp- ὁ@dgmp σός@angmp- ἔπαινος@ngmpc ἅπτω@viam3p ὁ@dnmp μέν@b γάρ@b ὅπως@cs μηδείς@rpnns ὑπό@p ὁ@dgms χρόνος@ngmsc ὁ@dgnp σύ@rpdms πράσσω@vpapgnp ἀμαυρόω@voap3s ὁ@dams μέγας@anamss ὑποδύνω@vnaa-- πόνος@namsc τολμάω@viia3p ὁ@dnmp δέ@cs ὅτι@cs ὁ@dgns πᾶς@angns- διαμαρτάνω@vnfa-- ἐλπίζω@viia3p ὁ@dafs ἑαυτοῦ@rpgmp γνώμη@nafsc ἐν@p μέρος@ndnsc προυφαίνω@viaa3p ἀμείνων@anansc ὁ@dgns ὁ@dgfs σιωπή@ngfsc ἀκίνδυνος@angfs- γέρας@ngnsc κρίνω@vpaanmp κατά@p δύναμις@nafsc σύ@rpdms ὁ@dgmp οἰκεῖος@angmp- πόνος@ngmpc ἀπάρχομαι@vnam-- εἰ@cs μέν@b οὖν@b καί@b αὐτός@rpnms εἷς@annms- εἰμί@vppanms τυγχάνω@viia1s ὁ@dgmp ὁ@damp ἐπιδεικτικός@anamp- ἀγαπάω@vppagmp λόγος@nampc χρή@viia3s ἐντεῦθεν@b ἄρχω@vnpe-- ὁ@dgfs ὑπόθεσις@ngfsc ὁ@dafs ἴσος@anafs- εὔνοια@nafsc ἀπαιτέω@vpaaams ὁ@dgfs ὑπάρχω@vppagfs ἤδη@b σύ@rpdms παρά@p ἐγώ@rpgmp καί@cs δέω2@vpapams ὁ@dgmp λόγος@ngmpc ἀκροατής@namsc εὐμενής@anams- γίγνομαι@vnam-- οὐ@b δέ@cs ἀκριβής@anams- καί@cs ἀπαραίτητος@anams- κριτής@namsc καθίστημι@vnaa-- ἐπεί@cs δέ@b ἐν@p ἄλλος@andnp- μάθημα@ndnpc τρέφω@vpapnmp καί@cs παιδεύω@vpapnmp καθά@cs ἐπιτήδευμα@ndnpc καί@cs νόμος@ndmpc ἀλλότριος@angnp- κατατολμάω@vnpa-- ἔργον@ngnpc δοκέω@vipa1p οὐ@b ὀρθός@b μικρός@ananp- ἐγώ@rpdms δοκέω@vipa3s χρή@vnpa-- καί@b περί@p οὗτος@rpgnp δηλόω@vnaa-- οἰκεῖος@anafsc ἀρχή@nafsc προτίθημι@vpaaams ὁ@dgms λόγος@ngmsc"
"Panegyr.Constant._2","νόμος@nnmsp εἰμί@vipa3s παλαιός@annms- παρά@p ὁ@dgms πρῶτος@angms- φιλοσοφία@nafsc ἄνθρωπος@ndmpc φαίνω@vpaagms οὑτωσί@b κεῖμαι@vprenms ἅπας@anamp- πρός@p ὁ@dafs ἀρετή@nafsc καί@cs πρός@p ὁ@dans καλός@anans- βλέπω@vppaamp ἐπιτηδεύω@vnpa-- ἐν@p λόγος@ndmpc ἐν@p ἔργον@ndnpc ἐν@p συνουσία@ndfpc ἐν@p πᾶς@andnp- ἁπλῶς@b ὁ@ddnp κατά@p ὁ@dams βίος@namsc μικρός@andnp- καί@cs μέγας@andnpc ὁ@dgns καλός@angns- πάντως@b ἐφίημι@vnpe-- πᾶς@angnp- δέ@b ὅτι@cs καλός@annns- ἀρετή@nnfsc τις@ ἄν@b ἐγώ@rpdcp ὁ@dgmp νόος@namsc ἔχω@vppagmp ἀμφισβητέω@voaa3s οὗτος@rpgfs τοίνυν@b ἀντέχω@vnpe-- διακελεύομαι@vipe3s ὁ@damp μή@b μάτην@b οὗτος@rpans περιφέρω@vpfaamp ὁ@dans ὄνομα@nansc προσήκω@vppaans οὐδείς@rpans αὐτός@rpdmp σφετερίζω@vpamamp οὗτος@rpanp δή@b διαγορεύω@vppanms ὁ@dnms νόμος@nnmsc οὐδείς@rpafs ἰδέα@nafsc ἐπιτάσσω@vipa3s λόγος@ngmpc οὐ@b δέ@cs ὥσπερ@cs ἐκ@p τις@rpgcs τραγικός@angfs- μηχανή@ngfsc φημί@vipa3s χρή@vnpa-- προαγορεύω@vipa3s ὁ@ddmp ἐντυγχάνω@vppadmp σπεύδω@vnpa-- μέν@b πρός@p ὁ@dafs ἀρετή@nafsc ἀποφεύγω@vnpa-- δέ@b ὁ@dafs πονηρία@nafsc ἀλλά@cs πολύς@andfp- ὁδός@ndfpc ἐπί@p οὗτος@rpans δίδωμι@vipa3s χράω@vnpe-- ὁ@ddms βούλομαι@vpapdms μιμέομαι@vnpe-- ὁ@dafs ἐκεῖνος@rpgms φύσις@nafsc καί@b γάρ@b παραίνεσις@nafsc ἀγαθός@anafs- καί@b λόγος@ngmpc προτρεπτικός@angmp- χρῆσις@nafsc καί@b ὁ@dans μετά@p εὔνοια@ngfsc ἐπιπλήσσω@vnpa-- ὁ@ddnp ἁμάρτημα@ndnpc ἐπαινέω@vnpa-- τε@b αὖ@b ὁ@danp καλός@b πράσσω@vpapanp καί@cs ψέγω@vnpa-- ὅταν@cs εἰμί@vspa3s καιρός@nnmsc ὁ@danp μή@b τοιοῦτος@rpanp ὁ@dgnp ἔργον@ngnpc ἐφίημι@vipa3s δέ@b καί@b ὁ@ddfp ἄλλος@andfp- ἰδέα@ndfpc εἰ@cs τις@rpnms ἐθέλω@vopa3s πρός@p ὁ@dans βέλτιστος@anans- ὁ@dgmp λόγος@ngmpc χράω@vnpe-- ἐπί@p πᾶς@andms- δέ@b οἴομαι@vipe1s καί@b λόγος@ndmsc καί@cs πρᾶξις@ndfsc μιμνήσκω@vnre-- προστάσσω@vppanms ὅπη@b οὗτος@rpgnp ὑπέχω@vifa3p εὔθυνα@nafpc ὅς@rpgfp ἄν@b τυγχάνω@vsaa3p εἶπον@vpaanmp λέγω3@vnpa-- δέ@cs οὐδείς@rpans ὅς@rpans τις@anans- μή@b πρός@p ἀρετή@nafsc καί@cs φιλοσοφία@nafsc ἀναφέρω@vifa3p ὁ@dnnp μέν@b οὖν@b ἐκ@p ὁ@dgms νόμος@ngmsc οὗτος@rpnnp καί@cs τοιοῦτος@rpnnp ἕτερος@annnp- ἐγώ@rpn-p δέ@b ἄρα@b τίς@rpans ποτέ@b δράω@vifa1p ἔργω1@vppenmp μέν@b ὁ@ddns δοκέω@vnpa-- ποιέω@vnpe-- πρός@p χάρις@nafsc ὁ@dafs εὐφημία@nafsc ὁ@dgns γένος@ngnsc δέ@cs ἤδη@b ὁ@dgmp ἔπαινος@ngmpc διά@p ὁ@damp οὐ@b ὀρθός@b μέτειμι2@vppaamp ὕποπτος@angns- καθίστημι@vpragns δεινός@b καί@cs κολακεία@ngfsc ἀγεννής@angfs- ἀλλά@cs οὐ@b μαρτυρία@ngfsc ἀληθής@angfs- ὁ@dgnp ἄριστος@angnp- ἔργον@ngnpc εἰμί@vnpa-- νομίζω@vpapgns ἤ1@b δῆλος@annns- ὅτι@cs ὁ@ddfs περί@p ὁ@dams ἐπαινέω@vppeams ἀρετή@ndfsc πιστεύω@vpranmp ἐπιδίδωμι@vifa1p ἑαυτοῦ@rpamp θαρσέω@vppanmp ὁ@ddnp ἐγκώμιος@andnp-"
"Panegyr.Constant._3","τις@annfs- ἄν@b οὖν@b ἐγώ@rpdmp ἀρχή@nnfsc καί@cs τάξις@nnfsc ὁ@dgms λόγος@ngmsc γίγνομαι@voam3s καλός@annfs- ἤ1@b δῆλος@annns- ὡς@cs ὁ@dnfs ὁ@dgmp πρόγονος@ngmpc ἀρετή@nnfsc διά@p ὅς@rpafs ὑπάρχω@viaa3s σύ@rpdms καί@b ὁ@dnns τοιοῦτος@rpdms γίγνομαι@vnam-- τροφή@ngfsc δέ@b οἴομαι@vipe1s καί@cs παιδεία@ngfsc ἑξῆς@b προσήκω@vipa3s μιμνήσκω@vnap-- ὅς@rpnfs σύ@rpdcs ὁ@dans πλεῖστος@anans- εἰς@p ὁ@dafs ὑπάρχω@vppaafs ἀρετή@nafsc συνεισφέρω@viam3s ἐπί@p ἅπας@andnp- δέ@b οὗτος@rpdnp ὥσπερ@cs γνώρισμα@nanpc ὁ@dgfp ὁ@dgfs ψυχή@ngfsc ἀρετή@ngfpc ὁ@dafp πρᾶξις@nafpc διέρχομαι@vnaa-- καί@cs τέλος@nansc ἐπιτίθημι@vppaams ὁ@ddms λόγος@ndmsc ὁ@dafp ἔχω@nafpc δηλόω@vnaa-- ὅθεν@b ὁρμάω@vpfmnms ὁ@danp καλός@ananps ὁ@dgnp ἔργον@ngnpc δράω@viaa2s καί@cs βουλεύω@viam2s οὗτος@rpdns γάρ@b οἴομαι@vipe1s καί@b ὁ@dgmp ἄλλος@rpgmp πᾶς@angmp- διαφέρω@vnfa-- ὁ@dams λόγος@namsc ὁ@dnmp μέν@b γάρ@b ἐπί@p ὁ@dgfp πρᾶξις@ngfpc ἵστημι@vipe3p ἀποχράω@vnpa-- οἴομαι@vppenmp πρός@p ὁ@dafs τέλειος@anafs- εὐφημία@nafsc ὁ@dans οὗτος@rpgfp μιμνήσκω@vnap-- ἐγώ@rpnms δέ@cs οἴομαι@vipe1s δεῖ@vnpa-- περί@p ὁ@dgfp ἀρετή@ngfpc ὁ@dams πλεῖστος@anams- λόγος@namsc ποιέω@vnam-- ἀπό@p ὅς@rpgfp ὁρμάω@vppenms ἐπί@p τοσοῦτος@rpams ὁ@dgnp κατόρθωμα@ngnpc ἔρχομαι@viaa2s ὁ@danp μέν@b γάρ@b πλεῖστος@ananp- ὁ@dgnp ἔργον@ngnpc σχεδόν@b δέ@cs πᾶς@annnp- τύχη@nnfsc καί@b δορυφόρος@nnmpc καί@b στρατιώτης@ngmpc φάλαγξ@nnfpc καί@cs τάξις@nnfpc ἱππεύς@ngmpc συγκατορθόω@vipa3p ὁ@dnnp δέ@cs ὁ@dgfs ἀρετή@ngfsc ἔργον@nnnpc μόνος@angms- τε@b εἰμί@vipa3s ὁ@dgms δράω@vpaagms καί@cs ὁ@dnms ἐκ@p οὗτος@rpgnp ἔπαινος@nnmsc ἀληθής@annms- καθίστημι@vpranms ἴδιος@annms- εἰμί@vipa3s ὁ@dgms κτάομαι@vpregms οὐκοῦν@b ἐπεί@cs οὗτος@rpnnp ἐγώ@rpdcp σαφής@b διορίζω@vire3s ὁ@dgmp λόγος@ngmpc ἄρχω@vifm1s"
"Panegyr.Constant._4","ὁ@dnms μέν@b οὖν@b ὁ@dgmp ἔπαινος@ngmpc νόμος@nnmsc οὐδείς@rpans ἐλάσσων@anansc ὁ@dgfs πατρίς@ngfsc ἤ1@cs ὁ@dgmp πρόγονος@ngmpc ἀξιόω@vipa3s μιμνήσκω@vnre-- ἐγώ@rpncs δέ@b οὐ@b οἶδα@vira1s τις@rpacs χρή@vipa3s πρῶτος@anans- ὑπολαμβάνω@vnaa-- πατρίς@nafsc σός@anafs- ἔθνος@nnnpc γάρ@b μυρίος@annnp- περί@p οὗτος@rpgfs ἀμφισβητέω@vipa3s πολύς@anams- ἤδη@b χρόνος@namsc καί@b ὁ@dnfs μέν@b βασιλεύω@vppanfs ὁ@dgmp ἅπας@angmp- πόλις@nnfsc μήτηρ@nnfsc εἰμί@vppanfs σός@annfs- καί@cs τροφός@nnfsc καί@cs ὁ@dafs βασιλεία@nafsc σύ@rpdms μετά@p ὁ@dgfs ἀγαθός@angfs- τύχη@ngfsc παρέχω@vpaanfs ἐξαιρετός@anans- ἑαυτοῦ@rpgfs φημί@vipa3s εἰμί@vnpa-- ὁ@dans γέρας@nansc οὐ@b ὁ@ddnp κοινός@andnp- ἐπί@p ἅπας@angmp- ὁ@dgmp αὐτοκράτωρ@ngmpc δίκαιος@andnp- χράω@vppenfs λέγω3@vipa1s δέ@b ὅτι@cs καί@b ἄν@cs ἀλλαχόθεν@b τυγχάνω@vspa3p ὁ@ddns μετέχω@vnpa-- ἅπας@anamp- ἤδη@b ὁ@dgns πολίτευμα@ngnsc καί@cs ὁ@ddnp ἐκεῖθεν@b ἐγώ@rpdmp καταδείκνυμι@vpapdnp ἔθος@ndnpc καί@cs νόμος@ndmpc χράω@vnpe-- πολίτης@nnmpc γίγνομαι@vira3p οὔκουν@b οὕτως@b ἀλλά@cs ὡς@b τίκτω@vpaanfs ὁ@dafs σός@anafs- μήτηρ@nafsc καί@cs τρέφω@vpamnfs βασιλικῶς@b καί@cs ὁ@dgnp εἰμί@vpfmgnp ἔκγονος@angnp- ἄξιος@b ὁ@dnfs δέ@b ἐπί@p ὁ@ddms βόσπορος@ndmsp πόλις@nnfsc ὅλος@angns- ὁ@dgns γένος@ngnsc ὁ@dgms κωνστάντιος@ngmpp ἐπώνυμος@annfs- πατρίς@nnfsc μέν@b οὐ@b εἰμί@vnpa-- φημί@vipa3s γίγνομαι@vnra-- δέ@cs ὑπό@p ὁ@dgms σύ@angms- πατήρ@ngmsc ὁμολογέω@vipa3s καί@cs δεινός@ananp- πάσχω@vnpa-- οἴομαι@vifm3s εἰ@cs οὗτος@angfs- γοῦν@b τις@rpnms αὐτός@rpafs ὁ@ddms λόγος@ndmsc ὁ@dgfs συγγένεια@ngfsc ἀφαιρέω@vope3s ἰλλυριοί@nnmpp δέ@b ὅτι@cs παρά@p αὐτός@rpdmp γίγνομαι@vira2s οὐ@b ἀνέχω@vifm3p ὁ@dgns καλός@angnss ὁ@dgnp εὐτύχημα@ngnpc στέρομαι@vppenmp εἰ@cs τις@rpncs ἄλλος@rpafs σύ@rpdcs πατρίς@nafsc προσνέμω@vopa3s ἀκούω@vipa1s δέ@b ἐγώ@rpnms καί@b ὁ@dgmp ἑῷος@angmp- ἤδη@b τις@rpacp λέγω3@vnpa-- ὅτι@cs μή@b δίκαιος@ananp- δράω@vipa1p ἀφαιρέω@vppenmp σφεῖς@rpacp ὁ@dams ἐπί@p σύ@rpdcs λόγος@namsc αὐτός@rpnmp γάρ@b φημί@vipa3p ὁ@dafs τήθη@nafsc ἐπί@p ὁ@dams ὁ@dgms μητροπάτωρ@ngmsc ὁ@dgms σύ@angms- προπέμπω@vnaa-- γάμος@namsc καί@cs σχεδόν@b ἅπας@annmp- ὁ@dnmp λοιπός@annmp- πρόφασις@nafpc ἐπινοέω@vppanmp μικρός@anafp- ἤ1@cs μέγας@anafpc ἑαυτοῦ@rpdmp σύ@rpacs εἰσποιέω@vnpa-- ἐκ@p πᾶς@angns- γιγνώσκω@vira3p ἔχω@vmpa3s μέν@b οὖν@b ὁ@dans γέρας@nansc ὅς@rpgnp αὐτός@rpnms ἐθέλω@vipa2s καί@cs ὅς@rpgfp ἀρετή@ngfpc μήτηρ@nafsc καί@cs διδάσκαλος@namsc πολλάκις@b ἐπαινέω@vppanms ἐρῶ@vira2s τυγχάνω@vmpa3p δέ@b ἕκαστος@annfs- κατά@p ὁ@dafs ἀξία@nafsc ὁ@dnfp λοιπός@annfp- ὁ@dgns προσήκω@vppagns ἐγώ@rpnms δέ@b ἐπαινέω@vnpa-- μέν@b ἅπας@anafp- ἐθέλω@vopa1s ἄν@b ἀξία@anafp- εἰμί@vppaafp δόξα@ngfsc καί@cs τιμή@ngfsc ὀκνέω@vipa1s δέ@cs μή@cs διά@p ὁ@dans μῆκος@nansc εἰ@cs καί@b δοκέω@vipa3s λίαν@b οἰκεῖος@annnp- ὁ@dgms πάρειμι1@vppagms λόγος@ngmsc διά@p ὁ@dams καιρός@namsc ἀλλότριος@annnp- φαίνω@vsap3s ὁ@dgfp μέν@b οὖν@b ἄλλος@rpgmp ὁ@damp ἔπαινος@nampc διά@p οὗτος@rpans ἀφίημι@vnfa-- ἐγώ@rpdms δοκέω@vipa1s ὁ@dgfs ῥώμη@ngfsp δέ@cs ὁ@dans κεφάλαιος@anans- ὁ@dgmp ἔπαινος@ngmpc αὐτός@rpnms ὦ@i βασιλεύς@nvmsc συλλαμβάνω@vpaanms ἐν@p βραχύς@andns- καί@cs διδάσκαλος@namsc ἀρετή@ngfsc προσεῖπον@vpaanms ὁ@ddns δίδωμι@vnaa-- ὁ@dans καλός@anans- ὁ@dgnp ἐγκώμιος@angnp- ὁ@damp παρά@p ὁ@dgmp ἄλλος@rpgmp λόγος@nampc ἀφαιρέω@vire2s τίς@rpans γάρ@b λέγω@vifa1p ἐγώ@rpnmp περί@p αὐτός@rpgfs τοιοῦτος@anans- ἕτερος@anans- τίς@rpans δέ@b ἄλλος@annms- τις@rpnms εἶπον@vnaa-- ἔχω@vipa3s ὥστε@b ἐγώ@rpdcs δοκέω@vipa1s σέβομαι@vppenms εἰκότως@b ὁ@dafs πόλις@nafsc οὗτος@rpdns τιμάω@vnpa-- αὐτός@rpafs πλέος@anans- ὁ@ddns παραχωρέω@vnpa-- σύ@rpdcs ὁ@dgmp εἰς@p αὐτός@rpafs λόγος@ngmpc"
"Panegyr.Constant._5","ἀλλά@cs ὑπέρ@p ὁ@dgfs εὐγένεια@ngfsc ὁ@dgfs σός@angfs- ἴσως@b ἄξιος@annns- ἐπί@p ὁ@dgns πάρειμι1@vppagns ἐν@p βραχύς@andns- διέρχομαι@vnaa-- ἀπορέω@vnpa-- δέ@b ἔοικα@vira1s καί@b ἐνταῦθα@b πόθεν@b ἄρχω@vnpe-- χρή@vipa3s πρόγονος@nnmpc τε@b γάρ@b εἰμί@vipa3p σύ@rpdms καί@b πάππος@nnmpc καί@b γονεύς@nnmpc ἀδελφός@nnmpc τε@b καί@b ἀνεψιός@nnmpc καί@cs συγγενής@annmp- βασιλεύς@nnmpc ἅπας@annmp- αὐτός@annmp- κτάομαι@vpamnmp ὁ@dafs ἀρχή@nafsc ἔννομος@b ἤ1@cs παρά@p ὁ@dgmp κρατέω@vppagmp εἰσποιέω@vpaenmp καί@b ὁ@danp μέν@b παλαιός@ananp- τίς@rpans δεῖ@viia3s λέγω3@vnpa-- κλαύδιος@ngmsp μιμνήσκω@vpapams καί@b ὁ@dgfs ἀρετή@ngfsc ὁ@dgfs ἐκεῖνος@rpgms ἐναργής@ananp- παρέχω@vnpa-- καί@cs γνώριμος@ananp- πᾶς@andmp- τεκμήριον@nanpc ὁ@dgmp ἀγών@ngmpc ὁ@dgmp πρός@p ὁ@damp ὑπέρ@p ὁ@dams ἴστρος@namsp οἰκέω@vppaamp βάρβαρος@nampc ἀναμιμνήσκω@vppaams καί@b ὅπως@cs ὁ@dafs ἀρχή@nafsc ὅσιος@b ἅμα@b καί@cs δίκαιος@b κτάομαι@viam3s καί@b ὁ@dafs ἐν@p βασιλεία@ndfsc ὁ@dgfs δίαιτα@ngfsc λιτότης@nafsc καί@cs ὁ@dafs ἀφέλεια@nafsc ὁ@dgfs ἐσθής@ngfsc ἐπί@p ὁ@dgmp εἰκών@ngmpc ὁράω@vppeafs ἔτι@b ὁ@dnnp δέ@b ὑπέρ@p ὁ@dgmp πάππος@ngmpc ὁ@dgmp σός@angmp- εἰμί@vipa3s μέν@b οὗτος@rpgnp νεώτερος@annnpc λαμπρός@annnp- δέ@cs οὐ@b μείων@annnsc ἐκεῖνος@rpgnp τυγχάνω@viaa3p μέν@b γάρ@b ἄμφω@annmd- ὁ@dgfs ἀρχή@ngfsc διά@p ἀρετή@nafsc ἄξιος@annmd- κρίνω@vpapnmd γίγνομαι@vpamnmd δέ@cs ἐπί@p ὁ@dgnp πρᾶγμα@ngnpc οὕτως@b πρός@p τε@b ἀλλήλων@rpamp εὐνοϊκός@b ἔχω@viaa3p καί@cs πρός@p ὁ@dams μεταδίδωμι@vpaaams ὁ@dgfs βασίλεια@ngfsc εὐσεβής@b ὥστε@cs ὁ@dnms μέν@b ὁμολογέω@viia3s μηδείς@rpans οὗτος@rpgms πώποτε@b κρείσσων@anansc βουλεύω@vnre-- πολύς@ananp- καί@cs ἄλλος@ananp- σωτήριος@ananp- ὁ@ddnp κοινός@andnp- ἐξευρίσκω@vppanms ὁ@dnmp δέ@cs ὁ@dafs μετά@p ἀλλήλων@rpgmp κοινωνία@nafsc μᾶλλον@b ἤ1@cs ὁ@dafs ὁ@dgmp ὅλος@angmp- ἀρχή@nafsc εἴπερ@cs οἷος@annns- τε@b εἰμί@viia3s ἕκαστος@andms- περιγίγνομαι@vpamafs ἀγαπάω@viia3p οὕτως@b δέ@b διάκειμαι@vppenmp ὁ@dafp ψυχή@nafpc ὁ@dgnp ἔργον@ngnpc δράω@viia3p ὁ@danp καλός@ananps σέβομαι@vppenmp μέν@b μετά@p ὁ@dafs κρείσσων@anafsc φύσις@nafsc ὁ@dams ὁ@dafs ἀρχή@nafsc αὐτός@rpdmp παρέχω@vpaaams ὁ@ddmp ὑπήκοος@ndmpc δέ@cs πρᾶος@b καί@cs φιλάνθρωπος@b χράομαι@vppenmp καί@b ὁ@damp βάρβαρος@anamp- οὐ@b ἐλαύνω@vppanmp μόνος@anans- πάλαι@b κατοικέω@vppaamp καί@cs νέμω@vppeamp καθά@cs ὁ@dafs οἰκεῖος@anafs- ἀδεής@b ὁ@danp ἡμέτερος@ananp- φρούριον@nanpc δέ@cs ἐπιτειχίζω@vppanmp αὐτός@rpdmp τοσοῦτος@anafs- πρός@p αὐτός@rpamp εἰρήνη@nafsc ὁ@ddmp ὑπήκοος@ndmpc καθίστημι@viaa3p ὅσος@anafs- οὐ@b δέ@b εὔχομαι@vnam-- τότε@b ῥᾴδιος@annns- δοκέω@viia3s ἀλλά@b ὑπέρ@p μέν@b οὗτος@rpgnp οὐ@b ἄξιος@annns- ἐν@p πάρεργον@andns- λέγω3@vnpa-- ὁ@dgfs δέ@b ὁμόνοια@ngfsc αὐτός@rpgmp ὁ@dgfs πρός@p ἀλλήλων@rpamp ὁ@dans μέγας@ananss σημεῖον@nansc παραλείπω@vnaa-- οὐδαμῶς@b εὔλογος@annns- καί@cs ἄλλως@b προσήκω@vppaans ὁ@ddms λόγος@ndmsc κοινωνία@nafsc γάρ@b ὁ@dafs καλός@anafs- ὁ@ddmp ἑαυτοῦ@rpgmp παῖς@ndmpc ἐπινοέω@vpaanmp ὁ@dgmp σός@angmp- πατήρ@ngmpc ὁ@damp γάμος@nampc ἁρμόζω@viaa3p προσήκω@vipa3s δέ@b οἴομαι@vipe1s καί@b περί@p οὗτος@rpgnp ἐν@p βραχύς@andns- διέρχομαι@vnaa-- ὅπως@cs μή@b ὁ@dgfs ἀρχή@ngfsc φαίνω@vspa2s μόνος@b ἀλλά@cs καί@b ὁ@dgfs ἀρετή@ngfsc κληρονόμος@nnmsc"
"Panegyr.Constant._6","ὁ@dafs μέν@b οὖν@b βασιλεία@nafsc ὅπως@cs μετά@p ὁ@dafs ὁ@dgms πατήρ@ngmsc κατέχω@viaa3s τελευτή@nafsc αὐτός@angns- τε@b ἐκεῖνος@rpgms ὁ@ddfs κρίσις@ndfsc καί@cs ὁ@dgnp στρατόπεδον@ngnpc ἅπας@angnp- ὁ@ddfs ψῆφος@ndfsc πατήρ@nnmsc ὁ@dnms σός@annms- τίς@rpans χρή@vipa3s νῦν@b πολυπραγμονέω@vnpe-- ὁ@dafs δέ@b εἰς@p ὁ@damp πόλεμος@nampc ῥώμη@nafsc ἐκ@p ὁ@dgnp ἔργον@ngnpc μᾶλλον@b ἤ1@cs διά@p ὁ@dgmp λόγος@ngmpc ἄν@b τις@rpnms γνωρίζω@voaa3s τυραννίς@nafpc γάρ@b ἀλλά@cs οὐ@b βασίλεια@nafpc ἔννομος@anafp- καθαιρέω@vppanms ὁ@dafs οἰκέω@nafsc ἐπέρχομαι@viaa3s ἅπας@anafs- τοσοῦτος@anafs- δέ@b εὔνοια@nafsc ἑαυτοῦ@rpgms ὁ@ddmp ὑπήκοος@ndmpc παρίστημι@viaa3s ὥστε@cs ὁ@dnmp μέν@b στρατεύω@vppenmp ὁ@dgfs περί@p ὁ@dafp δωρεά@nafpc καί@cs ὁ@dafp χάρις@nafpc μεγαλοψυχία@ngfsc ἔτι@b μιμνήσκω@vprenmp καθά@cs θεός@namsc διατελέω@vipa3p σέβομαι@vppenmp ὁ@dans δέ@b ἐν@p ὁ@ddfp πόλις@ndfpc καί@cs ἐπί@p ὁ@dgmp ἀγρός@ngmpc πλῆθος@nansc οὐ@b οὕτως@b ὁ@dgfs ὁ@dgmp τύραννος@ngmpc ἀπαλλάσσω@vnap-- βαρύτης@ngfsc εὔχομαι@vppenmp ὡς@cs παρά@p ὁ@dgms σύ@angms- πατήρ@ngmsc ἄρχω@vnap-- ὁ@dafs κατά@p ἐκεῖνος@rpgmp αὐτός@rpdms νίκη@nafsc ἐπεύχομαι@viie3p ἐπεί@cs δέ@b ἅπας@angnp- κύριος@nnmsc καθίστημι@viaa3s ὥσπερ@b ἐκ@p αὐχμός@ngmsc ὁ@dgfs ἀπληστία@ngfsc ὁ@dgms δυναστεύω@vpaagms πολύς@angfs- ἀπορία@ngfsc χρῆμα@ngnpc εἰμί@vppagfs καί@cs ὁ@dgms πλοῦτος@ngmsc ὁ@dgnp βασίλειον@ngnpc ἐν@p μυχός@ndmpc συλλέγω@vpregms ὁ@dans κλεῖθρον@nansc ἀφαιρέω@vpaanms ἐπικλύω@viaa3s ἀθρόος@b ὁ@ddms πλοῦτος1@ndmsc πᾶς@anams- πόλις@nafsc τε@cs ἐπώνυμος@anafs- ἑαυτοῦ@rpgms καθίστημι@viaa3s ἐν@p οὐ@b δέ@b ὅλος@andnp- ἔτος@ndnpc δέκα@an---- τοσοῦτος@andns- ὁ@dgfp ἄλλος@rpgfp ἅπας@angfp- μέγας@anafsc ὅσος@andns- ὁ@dgfs ῥώμη@ngfsp ἐλασσόω@vnpe-- δοκέω@vipa3s ὅς@rpgfs ὁ@dafs δεύτερος@anafs- τάσσω@vnre-- μακρός@andns- βελτίων@annnsc ἐγώ@rpd-s φαίνω@vipe3s ἤ1@cs ὁ@dnns ὁ@dgfp ἄλλος@angfp- ἅπας@angfp- πρῶτος@anafs- νομίζω@vnpe-- καλός@annns- ἴσως@b ἐνταῦθα@b καί@b ὁ@dgfp ἀοίδιμος@angfp- ἀθῆναι@ngfpp μιμνήσκω@vnap-- ὅς@rpafp ἐκεῖνος@rpnms ἔργον@ndnpc καί@cs λόγος@ndmpc τιμή@vppanms ὁ@dams πᾶς@anams- χρόνος@namsc διατελέω@viia3s βασιλεύς@nnmsc γάρ@b εἰμί@vppanms καί@cs κύριος@nnmsc πᾶς@angmp- στρατηγός@nnmsc ἐκεῖνος@rpgmp ἀξιόω@viia3s καλέω@vnpe-- καί@cs τοιοῦτος@angfs- εἰκών@ngfsc τυγχάνω@vppanms μετά@p ἐπίγραμμα@ngnsc γάνυμαι@viie3s πλέος@anansc ἤ1@cs ὁ@dgfp μέγας@angfps τιμή@ngfpc ἀξιόω@vpapnms ἀμείβω@vppenms δέ@b ἐπί@p αὐτός@rpdfs ὁ@dafs πόλις@nafsc πυρός@ngfpc μέδιμνος@nampc δίδωμι@vipa3s πολλάκις@b μυρίος@anamp- κατά@p ἕκαστος@anans- ἔτος@nansc δωρεά@nafsc καρπόω@vnpe-- ἐκ@p ὅς@rpgmp ὑπάρχω@vira3s ὁ@ddfs πόλις@ndfsc μέν@b ἐν@p ἄφθονος@andmp- εἰμί@vnpa-- ἐκεῖνος@rpdms δέ@cs ἔπαινος@nnmpc καί@cs τιμή@nnfpc παρά@p ὁ@dgmp βέλτιστος@angmp-"
"Panegyr.Constant._7","πολύς@angnp- δέ@b καί@cs καλός@angnp- ἔργον@ngnpc ὁ@ddms πατήρ@ndmsc ὁ@ddms σός@andms- πράσσω@vpapgnp ὅς@rpgnp τε@b ἐπιμιμνήσκομαι@viap1s καί@cs ὅσος@ananp- διά@p ὁ@dans μῆκος@nansc παραλείπω@vnaa-- δοκέω@vipa1s πᾶς@angnp- ἄριστον@annmss ἐγώ@rpnms φημί@vopa1s ἄν@b οἴομαι@vipe1s δέ@cs καί@b ὁ@damp ἄλλος@rpamp ἅπας@anamp- ὁμολογέω@vnfa-- ὁ@dafs σός@anafs- γένεσις@nafsc καί@b τροφή@nafsc καί@cs παιδεία@nafsc ἐκ@p ὅς@rpgfs ὑπάρχω@vipa3s ὁ@ddmp λοιπός@andmp- οὐ@b ὁ@dnns πρός@p ὀλίγος@anans- ἀπολαύω@vnaa-- ὁ@dgfs ἄριστος@angfss ἀρχή@ngfsc ἀλλά@cs ὡς@cs οἷος@annns- τε@b εἰμί@vipa3s εἰς@p πλείων@anamsc χρόνος@namsc δοκέω@vipa3s γοῦν@b ἄρχω@vnpa-- ἐκεῖνος@rpnms εἰσέτι@rpdms καί@b κῦρος@ndmsp μέν@b οὐ@b ὑπάρχω@vmra2s οὗτος@rpnns τελευτάω@vpaagms γάρ@b ὁ@dnms παῖς@nnmsc ὁράω@viap3s μακρός@andns- φαῦλος@annmsc ὥστε@cs ὁ@dnms μέν@b καλέω@viie3s πατήρ@nnmsc ὁ@dnms δέ@cs ἐπονομάζω@viap3s δεσπότης@nnmsc σύ@rpacs δέ@b πρᾶος@anamsc μέν@b ὁ@dgms πατήρ@ngmsc καί@cs ἐν@p ἄλλος@rpdnp πολύς@andnp- κρείσσων@anamsc σαφής@b τε@b οἶδα@vira1s καί@cs δηλόω@vifa1s ὁ@dgms καιρός@ngmsc φαίνω@vpapgms ἐν@p ὁ@ddms λόγος@ndmsc ἐκεῖνος@rpdms δέ@b προσήκω@vnpa-- καί@b οὗτος@rpgms νομίζω@vipa1s μεταδίδωμι@vpaadms σύ@rpdms ὁ@dgfs ἄριστος@angfss τροφή@ngfsc ὑπέρ@p ὅς@rpgfs ἤδη@b λέγω3@vnpa-- πειράω@vifm1s μήτηρ@ngfsc καί@cs ἀδελφός@ngmpc ὁ@dgmp σός@angmp- ἐπιμιμνήσκομαι@vpapnms ὁ@ddfs μέν@b γάρ@b εὐγένεια@ngfsc τοσοῦτος@rpnns περίειμι1@viia3s καί@b κάλλος@ngnsc σῶμα@ngnsc καί@cs τρόπος@ngmpc ἀρετή@ngfsc ὅσος@anans- οὐ@b ἄλλῃ@andfs- γυνή@ndfsc ῥᾴδιος@b ἄν@b τις@rpnms ἐξευρίσκω@voaa3s ἐπεί@b καί@b πέρσης@ngmpp ἀκούω@vipa1s ὁ@dams ὑπέρ@p παρύσατις@ngfsp λόγος@namsc ὅτι@cs μόνος@annfs- γίγνομαι@vira3s ἀδελφή@nnfsc καί@b μήτηρ@nnfsc καί@b γαμετή@nnfsc καί@cs παῖς@nnfsc βασιλεύς@ngmsc ἀλλά@b εἰμί@viia3s γε@b οὗτος@rpnfs ὁ@dgms γαμέω@vpaagms ἀδελφή@nnfsc ὁ@ddfs φύσις@ndfsc νόμος@nnmsc δέ@cs δίδωμι@viia3s γαμέω@vnpa-- ἀδελφή@nafsc ὁ@ddms πέρσης@ndmsp ὁ@dafs σός@anafs- δέ@b μήτηρ@nafsc κατά@p ὁ@damp παρά@p ἐγώ@rpdmp νόμος@nampc ἄχραντος@anamp- καί@cs καθαρός@anafp- ὁ@dafp οἰκειότης@nafpc οὗτος@anafp- φυλάσσω@vppaafs συμβαίνω@viia3s ὁ@dgms μέν@b εἰμί@vnpa-- παῖς@namsc γαμετή@namsc δέ@cs ἕτερος@angms- καί@b ἀδελφή@nafsc ἄλλος@rpgms καί@b πολύς@angmp- αὐτοκράτωρ@angmp- οὐ@b δέ@cs εἷς@ngmsc μήτηρ@nafsc ὅς@rpgmp ὁ@dnms μέν@b τις@rpnms ὁ@ddms πατήρ@ndmsc συγκατεργάζομαι@viae3s ὁ@dams πρός@p ὁ@damp τύραννος@nampc πόλεμος@namsc ὁ@dnms δέ@b ὁ@dafs πρός@p ὁ@damp γέτας@nampp ἐγώ@rpdmp εἰρήνη@nafsc ὁ@ddnp ὅπλον@ndnpc κρατέω@vpaanms ἀσφαλής@anafs- παρασκευάζω@viaa3s ὁ@dnms δέ@cs τηρέω@viaa3s ἄβατος@anafs- ὁ@ddmp πολέμιος@ndmpc ὁ@dafs χώρα@nafsc αὐτός@rpnms ἐπιστρατεύω@vppanms ἐκεῖνος@rpdmp πολλάκις@b ἕως@cs ἐπιτρέπω@viia3p ὁ@dnmp μικρός@anans- ὕστερος@anans- ὁ@dgnp εἰς@p ἐκεῖνος@rpams ἀδίκημα@ngnpc δίκη@nafsc ὑπέχω@vpaanmp πολύς@angnp- δέ@b ὑπάρχω@vppagnp ἐκεῖνος@rpdmp περιφανής@angnp- ἔργον@ngnpc ἐπί@p ὅς@rpdnp ἄν@b τις@rpnms αὐτός@rpamp δίκαιος@b ἐπαινέω@vnpa-- ἔχω@vopa3s καί@cs ὁ@dgnp ἐκ@p ὁ@dgfs τύχη@ngfsc ἀγαθός@angnp- περιουσία@ngfsc εἰμί@vppagfs οὐδείς@rpnns εἰμί@vipa3s τοιοῦτος@rpnns ὁ@dgnp ἄλλος@rpgnp ἐπί@p ὅς@rpdns μακαρίζω@vppanms ἄν@b τις@rpnms αὐτός@rpamp εἰκότως@b σεμνύνω@vopa3s ὡς@cs ὅτι@cs ὁ@dgnp μέν@b ἀπόγονος@annmp- ὁ@dgnp δέ@b ἔκγονος@annmp- γίγνομαι@vira3p ἀλλά@b ἵνα@cs μή@b μακρός@ananpc περί@p αὐτός@rpgnp λέγω3@vppanms ὁ@dams ὀφείλω@vppeams ὁ@ddmp ἔπαινος@ndmpc ὁ@ddmp σός@andmp- καιρός@namsc ἀναλίσκω@vsaa1s ὁ@dgms λόγος@ngmsc πειράω@vifm1s λοιπός@anams- ὡς@cs ἐγώ@rpdmp ἄξιος@anams- μᾶλλον@b δέ@b εἰ@cs δεῖ@vipa3s μηδείς@rpans ὑποστέλλω@vpamams εἶπον@vnaa-- μακρός@andns- ὁ@dgmp πρόγονος@ngmpc ἐπιδείκνυμι@vifa1s σύ@rpacs σεμνός@anamsc φήμη@nafpp μέν@b δή@b καί@b μαντεία@nafpc καί@b ὄψις@nafpc ὁ@dafp ἐν@p ὁ@ddmp ὕπνος@ndmpc καί@cs ὅσος@ananp- ἄλλος@rpanp θρυλέω@vnpa-- ἔθω@vira3p ἐπί@p ὁ@dgnp οὕτως@b λαμπρός@ananp- καί@cs περιφανής@ananp- πράσσω@vpaagmp κῦρος@ngmsp καί@b ὁ@dgms ὁ@dgfs ἡμέτερος@angfs- οἰκιστής@angfs- πόλις@ngfsc καί@cs ἀλέξανδρος@ngmsp ὁ@dgms φίλιππος@ngmsp καί@cs εἰ@cs τις@rpnms ἄλλος@annms- τοιοῦτος@annms- γίγνομαι@vira3s ἑκών@annms- ἀφίημι@vipa1s δοκέω@vipa3s γάρ@b οὐ@b πρόσω@b οὗτος@rpnnp ὁ@dgfs ποιητικός@angfs- ἐξουσία@ngfsc εἰμί@vnpa-- καί@cs ὁ@danp παρά@p ὁ@dafs πρῶτος@anafs- ὑπάρχω@vpaannp σύ@rpdcs γένεσις@nafsc ὡς@cs λαμπρός@annnp- καί@cs βασιλικός@annnp- καί@cs ὁ@dnns λέγω3@vnpa-- εὐήθης@annns- ἀλλά@b ἐπεί@cs ὁ@dgfs ἐν@p ὁ@ddmp παῖς@ndmpc ἀγωγή@ngfsc ὁ@dnms καιρός@nnmsc ὑπομιμνήσκω@vira3s δεῖ@viia3s σύ@rpdms ὁ@dgfs βασιλικός@angfs- τροφή@ngfsc δήπουθεν@b ὅς@rpdfs ὁ@dnns μέν@b σῶμα@nansc πρός@p ἰσχύς@nafsc καί@b ῥώμη@nafsc καί@b εὐεξία@nafsc καί@cs κάλλος@nansc ἄσκησις@vifa3s ὁ@dafs ψυχή@nafsc δέ@cs πρός@p ἀνδρεία@nafsc καί@b δικαιοσύνη@nafsc καί@b σωφροσύνη@nafsc καί@cs φρόνησις@nafsc ἐμμελής@b παρασκευάζω@vifa3s οὗτος@rpanp δέ@b οὐ@b ῥᾴδιος@annns- διά@p ὁ@dgfs ἀνίημι@vpregfs ὑπάρχω@vnpa-- δίαιτα@ngfsc θρύπτουσα@vppagfs μέν@b ὡς@cs εἰκός@vpranns ὁ@dafp ψυχή@nafpc καί@cs ὁ@danp σῶμα@nanpc ἀσθενής@angfsc δέ@cs ἐργάζομαι@vppegfs πρός@p τε@b ὁ@damp κίνδυνος@nampc ὁ@dafp γνώμη@nafpc καί@cs πρός@p ὁ@damp πόνος@nampc ὁ@danp σῶμα@nanpc οὐκοῦν@b ὁ@ddms μέν@b δεῖ@viia3s γυμναστικός@angfs- ὁ@ddns σῶμα@ndnsc ὁ@dafs ψυχή@nafsc δέ@b ὁ@ddfs ὁ@dgmp λόγος@ngmpc κοσμέω@viia2s μελέτη@ndfsc ἐπί@p πλέος@anansc δέ@b ὑπέρ@p ἀμφότερος@angnp- ἄξιος@annns- διέρχομαι@vnaa-- ἀρχή@nnfsc γάρ@b τις@rpncs οὗτος@rpnfs ὁ@dgfp μετά@p οὗτος@rpanp πρᾶξις@ngfpc γίγνομαι@vira3s"
"Panegyr.Constant._8","ὁ@dgfs μέν@b οὖν@b ἐπιμέλεια@ngfsc ὁ@dgfs περί@p ὁ@dafs ἰσχύς@nafsc οὐ@b ὁ@dans πρός@p ὁ@dafp ἐπίδειξις@nafpc ἁρμόζω@vppaans ἀσκέω@viaa2s ἥκιστος@ananp- βασιλεύς@ndmsc πρέπω@vnpa-- ὑπολαμβάνω@vpaanms ὁ@dgmp ὁ@dafp παλαίστρα@nafpc καταλαμβάνω@vpragmp ὁ@dafs θρυλέω@vppeafs εὐεξία@nafsc μέλλω@vppadms ὁ@dgmp ἀληθινός@angmp- ἀγών@ngmpc μετέχω@vnfa-- ὕπνος@ngmsc τε@b ἐλάχιστος@angmss δέω2@vppedms καί@cs τροφή@ngfsc οὐ@b πολύς@angfs- καί@cs οὗτος@rpgfs οὐ@b τε@b κατά@p πλῆθος@nansc οὐ@b τε@b κατά@p ποιότης@nafsc πάντως@b ὁρίζω@vpregfs οὐ@b τε@cs κατά@p ὁ@dams καιρός@namsc ὅς@rpams χρή@vipa3s προσφέρω@vnpe-- ὁ@dgfs ἐπιτυγχάνω@vpaagfs δέ@cs ἐπειδάν@cs ὁ@dnfp πρᾶξις@nnfpc ὁ@dams καιρός@namsc ἐνδίδωμι@vspa3p ὅθεν@b οἴομαι@viie2s δεῖ@vnpa-- καί@b ὁ@danp γυμνάσιον@nanpc πρός@p οὗτος@rpafs ποιέω@vnpe-- πολύς@ananp- καί@cs στρατιωτικός@ananp- χορεία@nafsc ὁ@dafs ἐν@p ὁ@ddnp ὅπλον@ndnpc δρόμος@namsc ὁ@dams ἐν@p οὗτος@rpdnp ὁ@dafs ἱππικός@anafs- τέχνη@nafsc ὅς@rpdnp ἅπας@andnp- διατελέω@vira2s ἐκ@p ἀρχή@ngfsc ἐν@p καιρός@ndmsc χράομαι@vppenms καί@b κατορθόω@vire3s παρά@p σύ@rpdcs οὗτος@rpgnp ἕκαστος@annns- ὡς@cs παρά@p οὐδείς@rpdms ὁ@dgmp ἄλλος@rpgmp ὁπλίτης@ngmpc οὐκοῦν@b ὁ@dnms μέν@b τις@rpnms ἐκεῖνος@rpgmp πεζός@annms- εἰμί@vppanms ἀγαθός@annms- ὁ@dafs ἱππικός@anafs- τέχνη@nafsc ἀγνοέω@viaa3s ὁ@dnms δέ@cs ἐπίσταμαι@vppenms χράω@vnpe-- ὁ@ddnp ἱππικός@andnp- ὀκνέω@vipa3s πεζός@annms- εἰς@p μάχη@nafsc εἶμι@vnpa-- μόνος@andms- δέ@b ὑπάρχω@vipa3s σύ@rpdcs ὁ@dgmp μέν@b ἱππεύς@ngmpc ἄριστος@andms- φαίνω@vnpe-- παραπλήσιος@b ἐκεῖνος@rpdmp στέλλω@vpapdms μετασκευάζω@vpamdms δέ@b εἰς@p ὁ@damp ὁπλίτης@nampc κρατέω@vnpa-- ἅπας@angnp- ῥώμη@ndfsc καί@cs τάχος@ndnsc καί@cs ὁ@ddfs ὁ@dgmp πούς@ngmpc κουφότης@ndfsc ὅπως@cs δέ@b μή@b ὁ@dafp ἄνεσις@nafpc ῥᾴθυμος@anafp- εἰμί@vnpa-- μη@b δέ@cs ἄνευ@p ὁ@dgnp ὅπλον@ngnpc ποιέω@vnpe-- συμβαίνω@vspa3s ἐπίσκοπος@namsc τοξεύω@vnpa-- ἀσκέω@viaa2s"
"Panegyr.Constant._9","καί@cs ὁ@dans μέν@b σῶμα@nansc διά@p ὁ@dgmp ἑκούσιος@angmp- πόνος@ngmpc πρός@p ὁ@damp ἀκούσιος@anamp- εὖ@b ἔχω@vnpa-- παρασκευάζω@viaa2s ὁ@ddfs ψυχή@ndfsc δέ@b ἡγέομαι@viim3s μέν@b ὁ@dnfs ὁ@dgmp λόγος@ngmpc μελέτη@nnfsc καί@cs ὁ@dnnp προσήκω@vppannp ὁ@ddnp τηλικοῦτος@rpdnp μάθημα@nnnpc ὅπως@cs δέ@b μή@b παντάπασι@b ἀγύμναστος@annms- εἰμί@vspa3s μη@b δέ@b καθά@p ἆσμα@nanpc καί@cs μῦθος@nampc ὁ@damp ὑπέρ@p ὁ@dgfp ἀρετή@ngfpc ἐπακούω@vspa3s λόγος@nampc ἔργον@ngnpc δέ@cs ἀγαθός@angnp- καί@cs πρᾶξις@ngfpc ἄπειρος@annfs- εἰμί@vppanfs ὁ@dams τοσοῦτος@anams- διαμένω@vsaa3s χρόνος@namsc καθά@cs ὁ@dnms γενναῖος@annms- ἀξιόω@viaa3s πλάτων@nnmsp οἱονεί@b πτερόν@nanpc ὁ@ddmp παῖς@ndcpc χαρίζομαι@vppeams καί@cs ἐπί@p ὁ@damp ἵππος@nampc ἀναβιβάζω@vppaams ἄγω@vnpa-- εἰς@p ὁ@dafp μάχη@nafpc θεατής@nampc εἰμί@vpfmamp ὅς@rpgmp οὐ@b εἰς@p μακράν@anafs- ἀγωνιστής@nampc χρή@viia3s καθίστημι@vnaa-- πατήρ@namsc ὁ@dams σός@anams- διανοέω@vpapams φημί@vopa1s ἄν@b εἰκότως@b ὁ@ddnp κελτοί@ngmpp ἔθνος@ndnpc ἐφίστημι@vnaa-- σύ@rpams φύλαξ@namsc καί@cs βασιλεύς@namsc μειράκιον@nvnsc ἔτι@b μᾶλλον@b δέ@cs παῖς@na-sc κομιδῇ@b ὁ@ddms χρόνος@ndmsc ἐπεί@cs ὁ@ddfs γε@b σύνεσις@ndfsc καί@cs ῥώμη@ndfsc ὁ@ddmp καλός@andmp- καί@cs ἀγαθός@andmp- ἀνήρ@ndmpc ἐνάμιλλος@viia1s ἤδη@b ὁ@dgns μέν@b ἀκίνδυνος@anafs- γίγνομαι@vnam-- σύ@rpdcs ὁ@dafs πολεμικός@anafs- ἐμπειρία@nafsc ὁ@dnms πατήρ@nnmsc προνοοῦμαι@viaa3s καλός@b εἰρήνη@nafsc ἐπιτάσσω@vpaanms πρός@p ὁ@damp ὑπήκους@anamp- ἄγω@vnpa-- ὁ@ddmp βάρβαρος@ndmpc μάχομαι@vnpe-- δέ@b ἀναπείθω@vppanms καί@cs στασιάζω@vnpa-- πρός@p ἀλλήλων@rpamp ἐν@p ὁ@ddfp ἐκεῖνος@rpgmp συμφορά@ndfpc καί@cs ὁ@ddnp σῶμα@ndnpc στρατηγικός@anafs- διδάσκω@viia3s τέχνη@nafsc ἀσφαλής@anansc βουλεύω@vppenms ὁ@dgms σοφός@angms- πλάτων@ngmsp ὁ@ddms μέν@b γάρ@b εἰ@cs πεζός@annms- ἐπέρχομαι@voaa3s πολέμιος@angmp- στρατός@nnmsc ὁ@dnmp παῖς@nn-pc θεατής@nnmpc καί@cs κοινωνός@nnmpc ὁ@dgnp ἔργον@ngnpc ἐάν@cs πού@b ἱκετεύω@vsap3p ὁ@ddmp πατήρ@ndmpc γίγνομαι@voam3p ἄν@b κρατέω@vppagmp δέ@b ἱππεύς@ndmpc ὁ@dgmp πολέμιος@ngmpc ὥρα@viia3s μηχανάομαι@vnpe-- ὁ@ddnp μειράκιον@ndnpc σωτηρία@ngfsc τρόπος@namsc δυσεπινόητος@anams- ὁ@dnns δέ@b ἐν@p ἀλλότριος@andmp- κίνδυνος@ndmpc ὁ@damp παῖς@nampc ἐθίζω@vnpa-- πολέμιος@ngmpc ἀνέχω@vnpe-- καί@b πρός@p ὁ@dafs χρεία@nafsc ἀρκεόντως@b καί@cs πρός@p ὁ@dafs ἀσφάλεια@nafsc δοκέω@vipa3s βουλεύω@vnpe-- ἐν@p μέν@b δή@b οὗτος@rpdnp σύ@rpdms πρός@p ἀνδρεία@nafsc ὑπάρχω@vira3s μελέτη@nnfsc φρόνησις@ngfsc δέ@b ὁ@dnfs μέν@b φύσις@nnfsc ὅς@rpafs λαγχάνω@vira2s αὐτάρκης@annms- ἡγεμών@nnmsc πάρειμι1@viia3p δέ@b οἴομαι@vipe1s καί@b ὁ@dgmp πολίτης@ngmpc ὁ@dnmp κράτιστος@annmps ὁ@danp πολιτικός@ananp- διδάσκω@vppanmp καί@b παρέχω@viia3p ἦθος@ngnpc καί@b νόμος@ngmpc καί@cs ξένος@angnp- ἐπιτήδευμα@ngnpc ἐμπειρία@nafsc ὁ@dnfp πρός@p ὁ@damp ἡγεμών@nampc ὁ@dgmp ὅδε@b βάρβαρος@ngmpc ἔντευξις@nnfpc καίτοι@b ὁ@dams ὀδυσσεύς@namsp συνετός@vppeams ὅμηρος@nnmsp ἐκ@p πᾶς@angns- ἀποφαίνω@vnaa-- προαιρέω@vppenms πολύτροπος@anams- εἰμί@vnpa-- φημί@vipa3s καί@b πολύς@angmp- ἄνθρωπος@ngmpc ὁ@dams νόος@namsc καταγιγνώσκω@vnaa-- καί@cs ἐπέρχομαι@vnaa-- ὁ@dafp πόλις@nafpc ἵνα@cs ἐκ@p ἅπας@angnp- ἐπιλέγω@vpamnms ἔχω@vopa3s ὁ@danp κράτιστος@ananp- καί@cs πρός@p παντοδαπός@anamp- ἄνθρωπος@nampc ὁμιλέω@vnpa-- δύναμαι@vope3s ἀλλά@b ὁ@rpdms μέν@b ὅς@rpnms οὐ@b βασιλεύω@viaa3s ποικίλος@angfp- ἦθος@ngfpc ἐμπειρία@ngfsc χρεία@nnfsc ὁ@dams δέ@b πρός@p τοσοῦτος@anafs- ἡγεμονία@nafsc τρέφω@vppeams οὐ@b ἐν@p οἰκίσκος@ndmsc πού@b χρή@viia3s διδάσκω@vnpe-- οὐ@b δέ@cs ὁ@dafs βασιλεία@nafsc καθά@cs ὁ@dnms κῦρος@nnmsp παίζω@vppaams μιμέομαι@vnpe-- οὐ@b δέ@cs χρηματίζω@vnpa-- ὁ@ddmp ἧλιξ@ndmpc καθά@cs ἐκεῖνος@rpams λέγω3@vipa3p ἀλλά@cs ἔθνος@ndnpc ὁμιλέω@vnpa-- καί@cs δῆμος@ndmpc καί@cs στρατιώτης@ngmpc τάγμα@ndnpc ἐπιτάσσω@vnpa-- ἁπλῶς@b ὁ@dans πρακτέος@anans- ὅλος@b δέ@b οὐδείς@rpgns ἀπολιμπάνω@vnpe-- οὗτος@rpgnp ὅς@rpgnp χρή@viia3s ἀνήρ@namsc γίγνομαι@vpamams ἐπί@p ἄδεια@ngfsc πράσσω@vnpa-- οὐκοῦν@b ἐπεί@cs ὁ@danp παρά@p οὗτος@rpdmp διδάσκω@viap2s καλός@b ἐπί@p ὁ@dafs ἕτερος@anafs- ἤπειρος@nafsc μέτειμι1@vppanms ὁ@ddnp πάρθος@ngmpp καί@cs μῆδος@nnmsp ἔθνος@ndnpc ἀντιτάσσω@viap2s μόνος@annms- ὑπότυφω@vppegms δέ@b ἤδη@b ὁ@dgms πόλεμος@ngmsc καί@cs οὐ@b εἰς@p μακράν@anafs- μέλλω@vppagms ἀναρριπίζω@vnpe-- ταχύς@b καί@b οὗτος@rpgns καταγιγνώσκω@viaa2s ὁ@dams τρόπος@namsc καί@b ὁ@dafs ὁ@dgnp ὅπλον@ngnpc ἰσχύς@nafsc μιμέομαι@vifa1s καί@cs πρός@p ὁ@dafs ὥρα@nafsc ὁ@dgns θέρος@ngnsc ἐθίζω@vpaanms καρτερέω@vnpa-- ὁ@dans σῶμα@nansc πυνθάνομαι@vipe1s δέ@b ἀλκιβιάδης@namsp μόνος@anams- ἐκ@p ἅπας@angmp- ἕλλην@ngmpp οὕτως@b εὐφυῶς@b μεταβολή@nafpc φέρω@vnaa-- ὡς@cs καί@b μιμέομαι@vnae-- πρῶτος@anans- μέν@b ὁ@dafs ὁ@dgmp λακεδαιμόνιος@ngmpp ἐγκράτεια@nafsc ἐπεί@cs σπαρτιάτης@ndmpp ἑαυτοῦ@rpams δίδωμι@vila3s εἶτα@cs θηβαῖος@nampp καί@b θρᾳκία@nampp ὕστερος@anans- καί@cs ἐπί@p τέλος@ndnsc ὁ@dafs ὁ@dgmp πέρσης@ngmpp τρυφή@nafsc ἀλλά@b ἐκεῖνος@rpnms μέν@b ὁ@ddnp χωρίον@ndnpc συμμεταβάλλω@vppanms καί@b ὁ@dams τρόπος@namsc ἀνεπίμπλαμαι@viie3s πολύς@angfs- δυσχέρεια@ngfsc καί@cs ὁ@dans πάτριος@anans- κινδυνεύω@viia3s παντελής@b ἀποβάλλω@vnaa-- σύ@rpnms δέ@cs ὁ@dgfs μέν@b ἐγκρατής@angfs- δίαιτα@ngfsc οἴομαι@viie2s δεῖ@vnpa-- ἔχω@vnpe-- πανταχοῦ@b ἐθίζω@vppanms δέ@cs ὁ@dans σῶμα@nansc ὁ@ddmp πόνος@ndmpc πρός@p ὁ@dafp μεταβολή@nafpc ῥᾴδιος@anansc φέρω@viaa2s ὁ@dafs ἐκ@p γαλάτης@ngmpp εἰς@p πάρθος@nampp ἄνοδος2@nafsc ἤ1@cs ὁ@dgmp πλούσιος@angmp- ὁ@dnmp ὁ@ddfp ὥρα@ndfpc ὁ@dafs οἴκησις@nafsc συμμεταβάλλω@vppanmp εἰ@cs παρά@p ὁ@dams καιρός@namsc βιάζω@voap3p καί@b ἐγώ@rpdms δοκέω@vipa3s θεός@nnmsc εὐμενής@annms- πρός@p ὁ@dafs ὁ@dgnp ὅλος@angnp- ἡγεμονία@nafsc ἐκ@p ἀρχή@ngfsc ὁ@dafs σός@anafs- ἀρετή@nafsc παρασκευάζω@vnpa-- ἐθέλω@vppanms κύκλος@ndmsc σύ@rpams περιάγω@vnaa-- καί@cs ἐπιδείκνυμι@vnaa-- ὁ@dgfs ἀρχή@ngfsc ἅπας@angfs- ὅρος@nampc καί@b πέρας@nanpc καί@b φύσις@nafsc χωρίον@ngnpc καί@b μέγεθος@nansc χώρα@ngfsc καί@b δύναμις@nafsc ἔθνος@ngnpc καί@b πλῆθος@nansc πόλις@ngfpc καί@b φύσις@nafsc δῆμος@ngmpc καί@cs ὁ@dans κράτιστος@anans- αὐτός@angnp- ἐκεῖνος@rpgnp ὁ@dafs περιουσία@nafsc ὅς@rpgnp οὐδείς@rpgns ἀπολείπω@vnre-- χρή@vipa3s ὁ@dams πρός@p τοσοῦτος@anafs- ἀρχή@nafsc τρέφω@vppeams"
"Panegyr.Constant._10","ὁ@dans μέγας@ananss δέ@b μικρός@b ἐγώ@rpams διαφεύγω@viaa3s εἶπον@vnaa-- ὅτι@cs οὗτος@rpgnp ἅπας@angnp- ἄρχω@vnpa-- ἐκ@p παῖς@ngcpc διδάσκω@vppenms ἄρχω@vnpe-- κρείσσων@anansc μανθάνω@viaa2s ἀρχή@ndfsc ὁ@ddfs πᾶς@angfp- ἄριστος@andfss καί@cs δίκαιος@andfss φύσις@ndfsc τε@cs καί@cs νόμος@ndmsc σεαυτοῦ@rpams ὑποτίθημι@vppanms πατήρ@ndmsc γάρ@x ὑπακούω@viia2s ἅμα@b καί@cs βασιλεύς@ndmsc ὅς@rpgnp εἰ@cs καί@b ἕτερος@annns- ὑπάρχω@viia3s ἐκεῖνος@rpdms μόνος@b ἄρχω@vnpa-- αὐτός@rpdms πάντως@b προσήκω@vppanns εἰμί@viia3s καίτοι@b τις@anafs- ποτέ@b ἄν@b τις@rpnms ἐξευρίσκω@voaa3s βασιλικός@anafs- τροφή@nafsc καί@cs παιδεία@nafsc ἀμείνων@anafsc οὗτος@rpgfs πάλαι@b γίγνομαι@vpamafs οὐ@b τε@b γάρ@b λακεδαιμόνιος@nnmpp ὁ@dgmp ἕλλην@ngmpp ὅσπερ@rpnmp δή@b δοκέω@vipa3p ἄριστος@angfs- ἀρχή@ngfsc ὁ@dgfs ὁ@dgmp βασιλεύς@ngmpc μεταλαμβάνω@vnaa-- οὕτως@b ὁ@damp ἡρακλείδης@nampp παιδεύω@viia3p οὐ@b τε@cs ὁ@dgmp βάρβαρος@ngmpc ὁ@dnmp καρχηδόνιος@nnmpp βασιλεύω@vppenmp διαφερόντως@b ὁ@dgfs ἄριστος@angfs- ἐπιμέλεια@ngfsc ὁ@dams ἄρχω@vpfaams σφεῖς@rpgmp ἀξιόω@viia3p ἀλλά@b πᾶς@andmp- εἰμί@viia3s κοινός@annnp- ὁ@dnnp παρά@p ὁ@dgmp νόμος@ngmpc ὁ@dgfs ἀρετή@ngfsc γυμνάσιον@nnnpc καί@cs ὁ@dnnp πρόσταγμα@nnnpc καθά@cs ἀδελφός@ndmpc ὁ@ddmp πολίτης@ndmpc ἄρχω@vnfa-- τε@b καί@cs ἄρχω@vnfp-- μέλλω@vppadmp καί@cs οὐδείς@rpnns διάφορος@annns- πρόσειμι1@viia3s εἰς@p παιδεία@ngfsc λόγος@namsc ὁ@ddmp ἡγεμών@ndmpc ὁ@dgmp ἄλλος@rpgmp καίτοι@b πῶς@b οὐ@b εὐήθης@annns- ἀπαιτέω@vnpa-- μέν@b ἀρετή@ngfsc μέγεθος@nansc ἀνυπέρβλητος@anans- παρά@p ὁ@dgmp ἄρχων@ngmpc προνοέω@vnpa-- δέ@cs μηδείς@rpans ὅπως@cs εἰμί@vifm3p ὁ@dgmp πολύς@angmp- διαφέρω@vppanmp καί@b ὁ@ddmp μέν@b βάρβαρος@ndmpc ἅπας@andmp- ἐν@p κοινός@andns- ὁ@dgfs ἀρχή@ngfsc οὗτος@angfs- πρόκειμαι@vpregfs ὁ@dans ὁ@dafs ἐπιμέλεια@nafsc ὁ@dgnp ἦθος@angnp- ὅμοιος@anafs- γίγνομαι@vnpe-- παρέχω@voaa3s συγγνώμη@nafsc ὁ@dams λυκοῦργος@namsp δέ@b ὁ@ddmp ἀπό@p ἡρακλῆς@ngmsp ἀστυφέλικτος@anams- ὁ@dafs βασιλεία@nafsc διαφυλάσσω@vppaams μηδείς@anafs- ὑπεροχή@nafsc ἐν@p ὁ@ddfp ἐπιμέλεια@ndfpc ὁ@dgmp νέος@angmp- εὑρίσκω@vpaaams σφόδρα@b ἄν@b τις@rpnms εἰκότως@b μέμφομαι@voam3s οὐ@b δέ@b γάρ@b εἰ@cs πᾶς@anamp- λακεδαιμόνιος@nampp ἀθλητής@nampc ἀρετή@ngfsc καί@cs τρόφιμος@anamp- οἴομαι@viie3s δεῖ@vnpa-- εἰμί@vnpa-- ὁ@dgfs ἴσος@angfs- ἀξιόω@vnpa-- χρή@viia3s τροφή@ngfsc καί@cs παιδεία@ngfsc ὁ@damp ἰδιώτης@nampc ὁ@ddmp ἄρχω@vifa3p ὁ@dnfs γάρ@b τοιοῦτος@rpnfs κατά@p μικρός@anans- παραδυομένη@vppenfs συνήθεια@nnfsc ὁ@ddfp ψυχή@ndfpc ἐμποιέω@viaa3s ὑπεροψία@nafsc ὁ@dgnp κρείσσων@ang-pc ὅλος@b γάρ@b οὐ@b δέ@b κρείσσων@anampc νομιστέος@annns- ὁ@damp οὐ@b διά@p ἀρετή@nafsc πρωτεύω@vnpa-- λαγχάνω@vpaaamp οὗτος@rpans δέ@b οἴομαι@vipe1s καί@b σπαρτιάτης@nnmsp χαλεπός@anampc ἄρχω@vnap-- ὁ@ddmp βασιλεύς@ndmpc παρέχω@viia3s πολλάκις@b χράω2@voam3s δέ@b ἄν@b τις@rpnms σαφής@andns- τεκμήριον@ndnsc ὁ@dgnp ἐρῶ@vpapgnp ὁ@ddfs λύσανδρος@ngmsp πρός@p ἀγησίλαος@namsp φιλοτιμία@ndfsc καί@cs ἄλλος@rpdnp πλείων@andnpc ἔπειμι1@vppanms ὁ@danp πράσσω@vpreanp ὁ@ddmp ἀνήρ@ndmpc ἀλλά@cs ὁ@ddmp μέν@b ὁ@dnfs πολιτεία@nnfsc ὁ@danp πρός@p ἀρετή@nafsc ἀρκεόντως@b παρασκευάζω@vppanfs εἰ@cs καί@b μηδείς@rpans διαφέρω@vppaans ἐπιτηδεύω@vnpa-- δίδωμι@viia3s ὁ@dgmp πολύς@angmp- ἀλλά@cs ὁ@dans καλός@andmp- καί@cs ἀγαθός@andmp- ὑπάρχω@vnpa-- παρέχω@viia3s ἀνήρ@ndmpc καρχηδόνιος@ngmpp δέ@b οὐ@b δέ@b ὁ@danp κοινός@ananp- ὁ@dgnp ἐπιτήδευμα@ngnpc ἐπαινέω@vnpa-- ἄξιος@annns- ἐξελαύνω@vppanmp γάρ@b ὁ@dgfp οἰκία@ngfpc ὁ@dnmp γονεύς@nnmpc ὁ@damp παῖς@na-pc ἐπιτάσσω@viia3p εὐπορέω@vnpa-- διά@p ὁ@dgmp πόνος@ngmpc ὁ@dgmp πρός@p ὁ@dafs χρεία@nafsc ἀναγκαῖος@angmp- ὁ@dans δράω@vnpa-- τις@rpans ὁ@dgnp δοκέω@vppagnp αἰσχρός@angnp- ἀπαγορεύω@vppanmp ὁ@dnns δέ@b εἰμί@viia3s οὐ@b ὁ@dafs ἐπιθυμία@nafsc ἐξαιρέω@vnaa-- ὁ@dgmp νέος@angmp- ἀλλά@cs λανθάνω@vnaa-- πειράω@vnpe-- τις@rpans δράω@vppaams προστάσσω@vnpa-- φύω@vira3s γάρ@b οὐ@b τρυφή@nnfsc μόνος@anans- ἦθος@nnnsc διαφθείρω@vnpa-- ἀλλά@cs καί@b ὁ@dnfs ὁ@dgnp ἀναγκαῖος@angnp- ἐνδεής@annfs- δίαιτα@nnfsc ἐπί@p ὅς@rpafs οὔπω@b ὁ@dans κρίνω@vnpa-- ὁ@dnms λόγος@nnmsc προσλαμβάνω@vpaanms ἕπομαι@vipe3s ὁ@ddfp χρεία@ndfpc ὑπό@p ὁ@dgfs ἐπιθυμία@ngfsc ἀναπείθω@vppenms ἄλλως@b τε@b εἰ@cs καί@b οὗτος@rpgns μή@b κρατέω@vopa3s ὁ@dgns πάθος@ngnsc πρός@p χρηματισμός@namsc ἐκ@p παῖς@ngmpc συνεθίζω@vppenms καί@cs τις@anafp- ἀμοιβή@nafpc ἐμπορία@ngfpc καί@cs καπηλεία@nafpc ὁ@dafp μέν@b αὐτός@rpnms εὑρίσκω@vpaanms ὁ@dafp δέ@cs παρά@p ὁ@dgmp οἶδα@vpragmp μανθάνω@vpaanms ὑπέρ@p ὅς@rpgfp οὐ@b λέγω3@vnpa-- μόνος@anans- ἀλλά@cs οὐ@b δέ@cs ἀκούω@vnpa-- ἄξιος@anams- ἐλεύθερος@andms- παῖς@ndmsc πλεῖστος@anafp- ἄν@b κηλίς@nafpc ἐναποτίθημι@voam3s ὁ@ddfs ψυχή@ndfsc ὅς@rpgfp πᾶς@angfp- καθαρός@anams- εἰμί@vnpa-- χρή@vipa3s καί@b ὁ@dams ἐπιεικής@anams- πολίτης@namsc ἀλλά@cs οὐ@b ὁ@dams βασιλεύς@namsc καί@cs στρατηγός@namsc μόνος@anans-"
"Panegyr.Constant._11","ἐγώ@rpdms δέ@b οὐ@b ἐπιτιμάω@vnpa-- ἐπί@p ὁ@dgns πάρειμι1@vppagns ἐκεῖνος@rpdmp προσήκω@vipa3s δείκνυμι@vifa1s δέ@b μόνος@b ὁ@dgfs τροφή@ngfsc ὁ@dans διαφέρω@vppaans ὅς@rpdfs χράω2@vpamnms κάλλος@ndnsc καί@cs ῥώμη@ndfsc καί@cs δικαιοσύνη@ndfsc καί@cs σωφροσύνη@ndfsc διαφέρω@viaa2s διά@p μέν@b ὁ@dgmp πόνος@ngmpc ὁ@dafs εὐεξία@nafsc περιβάλλω@vpamnms διά@p δέ@b ὁ@dgmp νόμος@ngmpc ὁ@dafs σωφροσύνη@nafsc κατακτάομαι@vpamnms καί@cs ὁ@ddns μέν@b σῶμα@ndnsc ῥωμαλέος@andmsc διά@p ὁ@dafs ἐγκράτεια@nafsc ὁ@dgfs ψυχή@ngfsc ὁ@ddfs ψυχή@ndfsc δέ@b αὖ@b διά@p ὁ@dafs ὁ@dgns σῶμα@ngnsc καρτερία@nafsc δίκαιος@andfsc χράομαι@vppenms ὁ@danp μέν@b ἐκ@p φύσις@ngfsc ἀγαθός@ananp- συναυξάνω@vpfanms ἐκ@p πᾶς@angns- ὁ@danp δέ@b ὁ@ddfp ἐπιμέλεια@ndfpc ἔξωθεν@b ἀεί@b προσλαμβάνω@vppanms καί@b δέω2@vppenms μέν@b οὐδείς@rpgns ἐπαρκέω@vppanms δέ@b ἄλλος@rpdmp καί@cs χαρίζομαι@vppenms μέγας@anafp- δωρεά@nafpc καί@cs ὅσος@annfp- ὁ@damp λαμβάνω@vpaaamp ἀρκέω@viia3p ἀποφαίνω@vnaa-- ὁ@ddms λυδός@ngmpp δυνάστης@ndmsc παραπλήσιος@anafp- ἐνδεής@anansc μέν@b ἀπολαύω@vppanms αὐτός@rpnms ὁ@dgnp ὑπάρχω@vppagnp ἀγαθός@angnp- ἤ1@cs σπαρτιάτης@ngmpp ὁ@dnms σώφρων@annmss ὁ@dgns τρυφάω@vnpa-- δέ@b παραχώννυμι@vppanms ἄλλος@rpdmp χορηγία@nafsc καί@cs ὁ@ddmp βούλομαι@vppedmp σωφρονέω@vnpa-- παραχώννυμι@vppanms σεαυτοῦ@rpams μιμέομαι@vnpe-- ἄρχων@vppanms μέν@b πρᾶος@b καί@cs φιλάνθρωπος@b ὁ@dgmp ἄλλος@rpgmp ἄρχω@vppenms δέ@cs ὑπό@p ὁ@dgms πατήρ@ngmsc σώφρων@b καί@cs ὡς@cs εἷς@annms- ὁ@dgmp πολύς@angmp- ὁ@dams ἅπας@anams- διατελέω@viia2s χρόνος@namsc παῖς@ndmsc μέν@b εἰμί@vppadms σύ@rpdms καί@cs μειράκιον@ndmsc οὗτος@rpnnp τε@b ὑπάρχω@viia3s καί@cs ἄλλος@rpnnp πλείων@annnp- περί@p ὅς@rpgnp νῦν@b λέγω3@vnpa-- μακρός@annnsc ἄν@b εἰμί@vopa3s ὁ@dgms καιρός@ngmsc"
"Panegyr.Constant._12","γίγνομαι@vpamnms δέ@b ἐπί@p ἡλικία@ngfsc καί@cs ὁ@ddms πατήρ@ndmsc ὁ@dafs μείρομαι@vpreafs τελευτή@nafsc ὁ@dgms δαίμων@ngmsc μάλα@b ὄλβιος@anafs- παρέχω@vpaagms οὐ@b μόνος@anans- ὁ@ddns πλῆθος@ndnsc καί@cs κάλλος@ndnsc ὁ@dgmp ἐπιφέρω@vpapgnp ὁ@dams τάφος@namsc κοσμέω@viia2s γένεσις@ngfsc καί@cs τροφή@ngfsc ἀποτίνω@vppanms ὁ@danp χαριστήριος@ananp- πολύς@anans- δέ@cs πλέος@anans- ὁ@ddns μόνος@annms- ἐκ@p πᾶς@angmp- ὁ@dgmp ἐκεῖνος@rpgms παῖς@ngmpc ζάω@vppagms μέν@b ἔτι@b καί@cs πιέζω@vppegms ὁ@ddfs νόσος@ndfsc πρός@p αὐτός@rpams ὁρμάω@vnaa-- τελευτάω@vpaagms δέ@cs ὁ@dafp μέγας@anafps τιμή@nafpc καθίστημι@vnaa-- ὑπέρ@p ὅς@rpgfp ἐξαρκέω@vipa3s καί@b ὁ@dans μιμνήσκω@vnap-- καλέω@vipa3p γάρ@b ἐγώ@rpamp ἐπί@p ἑαυτοῦ@rpafp ὁ@dnfp πρᾶξις@nnfpc ὑπομιανίσκομαι@vppanfp ὁ@dgfs ῥώμη@ngfsc ὁ@dgfs εὐψυχία@ngfsc εὐβουλία@ngfsc τε@b ἅμα@b καί@cs δικαιότης@ngfsc ὅς@rpdnp ἄμαχος@annms- ὁράω@viap2s καί@cs ἀνυπέρβλητος@annms- ὁ@danp μέν@b πρός@p ὁ@damp ἀδελφός@nampc καί@b ὁ@damp πολίτης@nampc καί@cs ὁ@damp πατρῷος@anamp- σύ@rpdms φίλος@nampc καί@cs ὁ@danp στράτευμα@nanpc δίκαιος@b καί@cs σώφρων@b καθίστημι@vpamnms πλήν@b εἰ@cs πού@b βιάζω@vpapnms ὑπό@p ὁ@dgmp καιρός@ngmpc ἀέκων@annms- ἕτερος@anamp- ἐξαμαρτάνω@vnaa-- οὐ@b διακωλύω@viaa2s ὁ@danp δέ@b πρός@p ὁ@damp πολέμιος@nampc ἀνδρεῖος@b καί@b μεγαλοπρεπής@b καί@cs ὁ@dgfs προυπάρχω@vppagfs ἄξιος@b ὁ@dgns γένος@ngnsc δόξα@ngfsc καθίστημι@vpamnms ὁ@ddmp μέν@b διά@p ὁμόνοια@ngfsc ὁ@dams ἅπας@anams- χρόνος@namsc συγγίγνομαι@vpredmp ἀστασίαστος@anans- μέν@b ὁ@dafs πόλις@nafsc διαφυλάσσω@vppanms καί@cs ὁ@damp ἀδελφός@nampc συνάρχω@vppaamp θεραπεύω@vppanms ἀεί@b ὁ@ddmp φίλος@andmp- δέ@b ὁ@dgfs ἰσηγορία@ngfsc μεταδίδωμι@vppanms καί@cs ὁ@dgfs παρρησία@ngfsc μετά@p ὁ@dgnp ἄλλος@angnp- ἀγαθός@angmp- ἄφθονος@b κοινωνός@ngmpc μέν@b ἅπας@andmp- ὁ@dgmp ὑπάρχω@vppagnp μεταδίδωμι@vppanms δέ@b ὅς@rpgmp ἕκαστος@annms- ἐνδεής@annms- δοκέω@voaa3s καί@b οὗτος@rpgnp μάρτυς@ndmpc μέν@b αὐτός@andmp- ἐκεῖνος@rpdnp εἰκότως@b ἄν@b τις@rpnms χράω2@voam3s καί@b ὁ@danp πρᾶγμα@nanpc δέ@cs ὁ@ddnp ἀπολιμπάνω@vpapdmp ὁ@dgfs πρός@p ἐκεῖνος@rpamp συνουσία@ngfsc ἱκανός@annnp- δηλόω@vnaa-- ὁ@dafs προαίρεσις@nafsc ὁ@dgms βίος@ngmsc πᾶς@angms-"
"Panegyr.Constant._13","ῥητέος@annns- δέ@b ὑπέρ@p αὐτός@angfp- ἤδη@b ὁ@dgfp πρᾶξις@ngfpc ἀναβάλλω@vppedmp ὁ@dams ὑπέρ@p ὁ@dgfp ἕξις@ngfpc λόγος@namsc πέρσης@nnmpp ὁ@dgfs ἀσία@ngfsp ἅπας@angfs- πάλαι@b κρατέω@vpaanmp καί@cs ὁ@dgfs εὐρώπη@ngfsp ὁ@danp πολύς@ananp- καταστρέφω@vpamnmp μικρός@angns- δέω@viia2p φημί@vnpa-- πᾶς@anafs- ὁ@dafs οἰκέω@nafsc περιβάλλω@vpamnmp κύκλος@ndmsc ὁ@ddfp ἐλπίς@ndfpc ἐπεί@cs ὁ@dafs ἀρχή@nafsc ὑπό@p μακεδών@ngmpp ἀφαιρέω@vile3p ὁ@dgfs ἀλέξανδρος@ngmsp στρατηγία@ngfsc ἔργον@nansc γίγνομαι@vpamnmp μᾶλλον@b δέ@cs παίγνιον@nansc χαλεπός@b φέρω@vppanmp ὁ@dans δουλεύω@vnpa-- ὡς@cs ἐκεῖνος@rpams αἰσθάνομαι@viam3p τελευτάω@vpraams ὁ@dgmp διάδοχος@ngmpc ἀφίστημι@vpaanmp μακεδών@ndmpp τε@b εἰς@p ὁ@dafs ἀντίπαλος@anafs- δύναμις@nafsc αὖθις@b καθίστημι@viaa3p καί@cs ἐγώ@rpdmp ὁ@dans λείπω@vppeans ὁ@dgfs μακεδών@ngmpp ἀρχή@ngfsc κατακτάομαι@vpamdmp ἀξιόμαχος@annmp- διά@p τέλος@ngnsc δοκέω@viaa3p εἰμί@vnpa-- πολέμιος@nnmpc καί@b ὁ@dgmp μέν@b παλαιός@angmp- τίς@rpans χρή@vipa3s νῦν@b ὑπομιμνήσκω@vnpa-- ἀντώνιος@ngmsp καί@cs κράσσος@ngmsp στρατηγός@ngmpc αὐτοκράτωρ@angmp- καί@cs ὡς@cs ἐκεῖνος@rpanp διά@p μακρός@angmp- ἀπωθέω@viam1p κίνδυνος@ngmpc ὁ@danp αἶσχος@nanpc πολύς@angmp- καί@cs σώφρων@angmp- αὐτοκράτωρ@angmp- ἀναμάχομαι@vpamgmp ὁ@danp πταῖσμα@nanpc τίς@rpans δέ@b χρή@vipa3s ὁ@dgnp δεύτερος@angnp- ἀτύχημα@ngnpc μιμνήσκω@vnre-- καί@cs ὁ@dgfp ἐπί@p αὐτός@rpdmp ὁ@dgms κάρος@ngmsp πρᾶξις@ngfpc ὅς@rpnms μετά@p ὁ@dafp συμφορά@nafpc αἱρέω@viap3s στρατηγός@nnmsc ἀλλά@b ὁ@dnmp ὁ@dafs θαυμαστός@anafs- καί@cs παρά@p πᾶς@andmp- ἀγαπάω@vppeafs εἰρήνη@nafsc ἐπιτάσσω@vpaanmp ἐκεῖνος@rpdmp ἄγω@vnpa-- ὁ@dnmp πρό@p ὁ@dgms σύ@angms- πατήρ@ngmsc ὁ@dafs βασιλεία@nafsc κατέχω@vpaanmp οὐ@b ὁ@dnms μέν@b καῖσαρ@nnmsc κατά@p ἑαυτοῦ@rpams συμβάλλω@vpaanms αἰσχρός@b ἀπαλλαξείω@viaa3s ἐπιστρέφω@vpapgms δέ@b ὁ@dgms ὁ@dgfs οἰκουμένη@ngfsc ἅπας@angfs- ἄρχω@ngmsc καί@cs ὁ@dafp δύναμις@nafpc ὁ@dgfs ἡγεμονία@ngfsc ἅπας@angfs- ἐκεῖσε@b τρέπω@vpaagms καί@cs προκαταλαμβάνω@vpaagms ὁ@dafp εἰσβολή@nafpc στράτευμα@ndnpc καί@cs κατάλογος@ndfpc ὁπλίτης@ngmpc παλαιός@angmp- καί@cs νεόλεκτος@angmp- καί@cs παντοδαπός@andfp- παρασκευή@ndfpc δείδω@vpranmp μόλις@b ὁ@dafs εἰρήνη@nafsc ἀγαπάω@viap3p ὅς@rpgnp οὐ@b οἶδα@vira1s ὅπως@cs περίειμι1@vppagms ὁ@dgms πατήρ@ngmsc ὁ@dgms σύ@angms- συγχέω@vpaanmp καί@cs συνταράσσω@vpaanmp ὁ@dgfs μέν@b παρά@p ἐκεῖνος@rpgms τιμωρία@ngfsc διαμαρτάνω@viaa3p ἐν@p ὁ@ddfp πρός@p ὁ@dams πόλεμος@namsc παρασκευή@ndfpc ὁ@dams βίος@namsc μεταλλάσσω@vpaagms σύ@rpdms δέ@b ὑπισχνέομαι@viaa3p ὁ@dafs δίκη@nafsc ὕστερος@anans- ὁ@dgnp τολμάω@vpregmp"
"Panegyr.Constant._14","μέλλω@vppanms δέ@b ἔτι@b δή@b ὁ@dgmp πρός@p αὐτός@rpamp ἀγών@ngmpc γίγνομαι@vpamgmp σύ@rpdms πολλάκις@b ἅπτω@vnpe-- τοσοῦτος@rpans ἀξιόω@vipa1s σκοπέω@vnpa-- ὁ@damp ἀκροάομαι@vppmamp ὅτι@cs ὁ@dgns τρίτος@angns- μόριον@ngnsc ὁ@dgfs ἀρχή@ngfsc καθίστημι@vpranms κύριος@nnmsc οὐδαμῶς@b πρός@p ὁ@dams πόλεμος@namsc ῥώννυμι@vnre-- δοκέω@vppagms οὐ@b ὅπλον@ndnpc οὐ@b ἀνήρ@ndmpc ὁ@ddmp στρατεύω@vppedmp οὐδείς@rpdms ὁ@dgnp ἄλλος@rpgnp ὅσος@annnp- πρός@p τηλικοῦτος@anams- πόλεμος@namsc χρή@viia3s ἐπιρρέω@vnpa-- ἄφθονος@annnp- πρός@p οὗτος@rpdnp δέ@cs οὐ@b δέ@b ὁ@dgmp ἀδελφός@ngmpc σύ@rpdms διά@p ὁσδηποτοῦν@anafs- αἰτία@nafpc ὁ@dams πόλεμος@namsc ἐλαφρύνω@vppagmp καί@b οὐ@b εἰμί@vipa3s οὐδείς@annms- οὕτως@b ἀναίσχυντος@annms- οὐ@b δέ@cs βάσκανος@annms- συκοφάντης@nnmsc ὅς@rpnms οὐ@b αἴτιος@anamss γίγνομαι@vnam-- σύ@rpams ὁ@dgfs πρός@p ἐκεῖνος@rpamp ὁμόνοια@ngfsc φημί@vifa3s εἰμί@vppagms δέ@b οἴομαι@vipe1s ὁ@dgms πόλεμος@ngmsc κατά@p ἑαυτοῦ@rpams δυσχερής@angms- ὁ@dnnp ὁ@dgnp στρατόπεδον@ngnpc πρός@p ὁ@dafs μεταβολή@nafsc συνταράσσω@viie3s ὁ@dams μέν@b παλαιός@anams- σφεῖς@rpgmp ἡγεμών@namsc ποθέω@vnpa-- ἐκβοάω@vppanmp σύ@rpgmp δέ@cs ἄρχω@vnpa-- ἐθέλω@vppanmp καί@b ἄλλος@rpnnp μυρίος@annnp- ἄτοπος@annnp- καί@cs δυσχερής@annnp- πανταχόθεν@b ἀναφύω@vppennp χαλεπός@anafpc ὁ@dafp ὑπέρ@p ὁ@dgms πόλεμος@ngmsc παρέχω@viia3s ἐλπίς@nafpc ἀρμένιος@annmp- παλαιός@annmp- σύμμαχος@nnmpc στασιάζω@vppanmp καί@cs μοῖρα@nnfsc σφεῖς@angmp- οὐ@b φαῦλος@annfs- πέρσης@ndmpp προστίθημι@vpamnmp ὁ@dafs ὅμορος@anafs- σφεῖς@rpdmp ληιστής@ndfpc κατατρέχω@vppanmp καί@b ὅσπερ@rpnns ἐν@p ὁ@ddnp πάρειμι1@vppadnp φαίνω@viie3s μόνος@anans- σωτήριος@annns- ὁ@dnns σύ@rpa-s ὁ@dgnp πρᾶγμα@ngnpc ἔχω@vnpe-- καί@cs βουλεύω@vnpe-- τέως@cs οὐ@b ὑπάρχω@viia3s διά@p ὁ@dafp πρός@p ὁ@damp ἀδελφός@nampc ἐν@p παιονία@ndfsp συνθήκη@nafpc ὅς@rpafp αὐτός@rpnms πάρειμι@vppanms οὕτως@b διοικέω@viaa2s ὡς@cs μηδείς@anafs- ἀφορμή@nafsc ἐκεῖνος@rpdmp παρέχω@vnaa-- μέμψις@ngfsc μικρός@b ἐγώ@rpacs λανθάνω@viaa3s ὁ@dnfs ὁ@dgfp πρᾶξις@ngfpc ἀρχή@nnfsc διαφεύγω@vpaanfs καλός@angfp- ἅπας@angfp- ἤ1@cs ὁ@ddfp καλός@andfp- ἐκ@p ἴσος@angfs- θαυμαστός@annfs- ὁ@dans γάρ@b ὑπέρ@p τοσοῦτος@angnp- πρᾶγμα@ngnpc βουλεύω@vppeans μηδείς@rpans ἐλασσόω@vnpe-- δοκέω@vnpa-- εἰ@cs ὁ@ddmp ἀδελφός@ndmpc ὁ@dans πλέος@anans- ἔχω@vnpa-- ἑκών@annms- συγχωρέω@vopa2s σωφροσύνη@ngfsc καί@cs μεγαλοψυχία@ngfsc μέγας@annnss ἄν@b εἰμί@vopa3s σημεῖον@nnnsc νῦν@b δέ@b εἰ@cs μέν@b τις@rpnms ὁ@dafs πατρῷος@anafs- οὐσία@nafsc πρός@p ὁ@damp ἀδελφός@nampc νέμω@vppenms ἑκατόν@an---- τάλαντον@ngnpc κεῖμαι@vmpe3s δέ@b εἰ@cs βούλομαι@vipe2s τοσοῦτος@rpgnp ἄλλος@rpgmp εἶτα@b ἔχω@vppanms πεντήκοντα@an---- μνᾶ@ndfpc ἐλάσσων@anansc ἀγαπάω@viaa3s δή@b καί@cs μικρός@angns- παντελής@b ἀργύριον@ngnsc ὁ@dafs πρός@p ἐκεῖνος@rpamp ὁμόνοια@nafsc ἀνταλλάσσω@vpamnms ἔπαινος@vppanms ἄν@b δοκέω@viia3s καί@cs τιμή@ngfsc ἄξιος@annms- ὡς@b χρῆμα@ngnpc κρείσσων@annmsc ὡς@cs εὔβουλος@annms- φύσις@ndfsc συναιρέω@vpaadms δέ@cs εἶπον@vnaa-- ὡς@cs καλός@annms- καί@cs ἀγαθός@annms- ὁ@dnms δέ@b ὑπέρ@p ὁ@dgfs ὁ@dgnp ὅλος@angnp- ἀρχή@ngfsc οὕτως@b μεγαλόψυχος@b καί@cs σώφρων@b δοκέω@vppanms βουλεύω@vnre-- ὡς@cs ὁ@dams μέν@b ἐκ@p ὁ@dgfs ἐπιμέλεια@ngfsc ἑαυτοῦ@rpdms μέγας@anamsc μή@b προστίθημι@vnaa-- πόνος@namsc ὁ@dgfp δέ@cs ἐκ@p ὁ@dgfs ἀρχή@ngfsc πρόσοδος@ngfpc ἑκών@annms- ὑφίημι@vnpe-- ὑπέρ@p ὁμόνοια@ngfsc καί@cs ὁ@dgfs πρός@p ἀλλήλων@rpamp ῥωμαῖος@ngmpp ἅπας@angmp- εἰρήνη@ngfsc πόσος@angmp- ἔπαινος@ngmpc ἄξιος@anans- κρίνω@vipa3s τις@rpnms οὐ@b μήν@b οὐ@b δέ@cs ἐκεῖνος@rpans λέγω3@vnpa-- ἔνειμι@vipa3s ἐνταῦθα@b ὡς@cs καλός@b μέν@b ἀλυσιτελής@b δέ@x λυσιτελής@annns- μέν@b γάρ@b οὐδείς@rpnns ὅς@rpnns τις@rpnns μή@b ὁ@dnns αὐτός@rpnns καί@cs καλός@annns- ἐγώ@rpdms φαίνω@vipe3s ὅλος@b δέ@b εἰ@cs τις@rpdms κατά@p ἑαυτοῦ@rpans ὁ@dans συμφέρω@vppaans ἐξετάζω@vnpa-- δοκέω@vipa3s κρίνω@vmpa3s μή@b πρός@p ἀργύριον@nansc σκοπέω@vppanms μη@b δέ@cs πρόσοδος@nafpc χωρίον@ngnpc ἀπαριθμέω@vppenms καθά@cs ὁ@dnmp φιλάργυρος@annmp- γέρων@nnmpc ὑπό@p ὁ@dgmp κωμῳδός@ngmpc ἐπί@p ὁ@dafs σκηνή@nafsc ἕλκω@vppenmp ἀλλά@cs πρός@p ὁ@dans μέγεθος@nansc ὁ@dgfs ἀρχή@ngfsc καί@cs ὁ@dafs ἀξίωσις@nafsc φιλονεικέω@vppanms μέν@b γάρ@b ὑπέρ@p ὁ@dgnp ὅριον@ngnpc καί@cs δυσμενής@b ἔχω@vppanms ἐκεῖνος@rpgmp ἄν@b ἄρχω@viaa3s μόνος@angnp- ὅς@rpgmp λαγχάνω@viaa3s εἰ@cs καί@b πλέος@anansc ἔχω@vppanms ἄπειμι2@viia3s ὑπεροράω@vppanms δέ@b ὁ@dgnp μικρός@angnp- καί@cs καταφρονέω@vpaanms ἄρχω@viia3s μέν@b ἅπας@angfs- μετά@p ὁ@dgmp ἀδελφός@ngmpc ὁ@dgfs οἰκουμένη@ngfsc ἐπιμελέομαι@viie3s δέ@cs ὁ@dgns λαγχάνω@vppagns μέρος@ngnsc ἀπολαύω@vppanms μέν@b τέλειος@angfs- ὁ@dgfs τιμή@ngfsc μετέχω@vppanms δέ@cs ἐλάσσων@anansc ὁ@dgmp ἐπί@p αὐτός@rpdfs πόνος@ngmpc"
"Panegyr.Constant._15","ἀλλά@cs ὑπέρ@p μέν@b οὗτος@rpgnp καί@cs αὖθις@b ἔξεστι@vifm3s διά@p μακρός@angnpc δηλόω@vnaa-- ὅπως@cs δέ@b ὁ@dgnp πρᾶγμα@ngnpc ἐπιμελέομαι@viap2s τοσοῦτος@angnp- κύκλος@ndmsc περιίστημι@vppagnp μετά@p ὁ@dafs ὁ@dgms πατήρ@ngmsc τελευτή@nafsc κίνδυνος@ngmpc καί@cs παντοδαπής@angnp- πρᾶγμα@ngnpc θόρυβος@ngmsc πόλεμος@ngmsc ἀναγκαῖος@angms- πολύς@angfs- καταδρομή@ngfsc σύμμαχος@ngmpc ἀπόστασις@ngfsc στρατόπεδον@ngnpc ἀταξία@ngfsc ὅσος@annnp- ἄλλος@rpnnp τότε@b δυσχερής@annnp- καταλαμβάνω@viia3s ἴσως@b ἤδη@b διέρχομαι@vnaa-- ἄξιος@annns- ἐπεί@cs γάρ@b σύ@rpdms ὁ@dnnp ὁ@dgfp συνθήκη@ngfpc μετά@p ὁ@dgfs ἄριστος@angfss ὁμόνοια@ngfsc διοικέω@vile3s πάρειμι1@viia3s δέ@b ὁ@dnms καιρός@nnmsc ὁ@ddnp πρᾶγμα@ndnpc ἐπιτάσσω@vppanms βοηθέω@vnpa-- κινδυνεύω@vppadmp πορεία@ndfpc ταχύς@andfp- χράω2@vpamnms ὅπως@cs μέν@b ἐκ@p παίονες@ngmpp ἐν@p σύρος@ndmpp ὁράω@viap2s οὐ@b δέ@b ὁ@ddms λόγος@ndmsc δείκνυμι@vnaa-- ῥᾴδιος@annns- ἀρκέω@vipa3s δέ@b ὁ@ddmp γιγνώσκω@vpradmp ὁ@dnfs πεῖρα@nnfsc ὅπως@cs δέ@b πρός@p ὁ@dafs παρουσία@nafsc ὁ@dafs σός@anafs- ἀθρόος@b ἅπας@annnp- μεταβάλλω@vpaaams καί@cs μεθίστημι@vpaannp πρός@p ὁ@dans βελτίων@anansc οὐ@b μόνος@anans- ὁ@dgmp ἐπικρεμάννυμι@vpapnms ἐγώ@rpamp ἀπαλλαξείω@viaa3s φόβος@ngmpc ἀμείνων@anafpc δέ@cs μακρός@andns- ὁ@dafp ὑπέρ@p ὁ@dgnp μέλλω@vppagnp παρέχω@viaa3s ἐλπίς@nafpc τις@rpnms ἄν@b ἀρκέω@voaa3s ὁ@dgnp ἅπας@angnp- εἶπον@vnaa-- ὁ@danp μέν@b ὁ@dgnp στρατόπεδον@ngnpc πλησίος@b γίγνομαι@vpamgns μόνος@anans- παύω@vile3s ὁ@dgfs ἀταξία@ngfsc καί@cs μεθίστημι@vila3s πρός@p κόσμος@namsc ἀρμένιος@ngmpp δέ@cs ὁ@dnmp προστίθημι@vpamnmp ὁ@ddmp πολέμιος@ndmpc εὐθύς2@b μεθίστημι@viaa3p σύ@rpgms ὁ@damp μέν@b αἴτιος@anamp- ὁ@dgfs φυγή@ngfsc ὁ@ddms ὁ@dgfs χώρα@ngfsc ἐκεῖνος@angfs- ἄρχων@vppadms παρά@p ἐγώ@rpamp ἐξάγω@vpaagms ὁ@ddmp φεύγω@vppadmp δέ@cs ὁ@dafs εἰς@p ὁ@dafs οἰκεῖος@anafs- κάθοδος@nafsc ἀδεής@ananp- παρασκευάζω@vpaagms οὕτως@b δέ@b φιλάνθρωπος@b ὁ@ddmp τε@b παρά@p ἐγώ@rpamp ἀφικνέομαι@vpamdmp ἄρτι@b χράω2@vpamgms καί@cs ὁ@ddmp ἐκ@p ὁ@dgfs φυγή@ngfsc μετά@p ὁ@dgms σφεῖς@rpgmp ἄρχω@vppagms κατέρχομαι@vpradmp πρᾶος@b ὁμιλέω@vppagms ὁ@dnmp μέν@b ὅτι@cs καί@b πρότερος@anans- ἀφίστημι@viaa3p ἑαυτοῦ@rpamp ἀπολοφύρομαι@viie3p ὁ@dnmp δέ@cs ὁ@dafs πάρειμι1@vppaafs τύχη@nafsc ὁ@dgfs πρόσθεν@b ἀγαπάω@viia3p μᾶλλον@b δυναστεία@ngfsc καί@b ὁ@dnmp μέν@b φεύγω@vppanmp ἔμπροσθεν@b ἔργον@ndnsc σωφρονέω@vnpa-- φημί@viia3p ἐκμανθάνω@vnaa-- ὁ@dnmp δέ@cs ὁ@dgns μή@b μεθίστημι@vnaa-- ὁ@dgfs ἀμοιβή@ngfsc ἀξία@angfs- τυγχάνω@vnpa-- τοσοῦτος@andfs- δέ@b χράω@viam2s περί@p ὁ@damp κατέρχομαι@vpaaamp ὑπερβολή@ndfsc δωρεά@ngfpc καί@cs τιμή@ngfsc ὥστε@cs μη@b δέ@b ὁ@ddmp ἔχθιστος@andmp- σφεῖς@rpgmp εὖ@b πράσσω@vppadmp καί@cs ὁ@danp ἔοικα@vpraanp τιμάω@vppedmp ἄχθομαι@vnpe-- μη@b δέ@cs βασκαίνω@vnpa-- οὗτος@rpanp δέ@b ἐν@p βραχύς@andns- καθίστημι@vpamnms καί@cs ὁ@damp ἐκ@p ἀραβία@ngfsp ληιστής@nampc ἐπί@p ὁ@damp πολέμιος@nampc ὁ@ddfp πρέσβεια@ndfpc τρέπω@vpaanms ἐπί@p ὁ@dafp ὁ@dgms πόλεμος@ngmsc παρασκευή@nafpc ἔρχομαι@viaa2s ὑπέρ@p ὅς@rpgfp οὐ@b χείρων@anansc ἐν@p βραχύς@andns- προεῖπον@vnaa--"
"Panegyr.Constant._16","ὁ@dgfs γάρ@b εἰρήνη@ngfsc ὁ@dgfs πρόσθεν@b ὁ@ddmp μέν@b στρατεύω@vppedmp ἀνίημι@vppagfs ὁ@damp πόνος@nampc ὁ@ddmp λειτουργέω@vppadmp δέ@b κοῦφος@anafpc ὁ@dafp λειτουργία@nafpc παρέχω@vpaagfs ὁ@dgms πόλεμος@ngmsc δέ@b χρῆμα@ngnpc καί@b σιτηρέσιον@ngnsc καί@cs χορηγία@ngfsc λαμπρός@angfs- δέω@vppegms πολύς@anans- δέ@cs πλέος@anansc ἰσχύς@ngfsc καί@b ῥώμη@ngfsc καί@cs ὁ@dgfs ἐν@p ὁ@ddnp ὅπλον@ndnpc ἐμπειρία@ngfsc ὁ@dgmp στρατεύω@vppegmp ὑπάρχω@vppagms δέ@cs οὐδείς@rpgns σχεδόν@b ὁ@dgnp τοιοῦτος@rpgnp αὐτός@rpnms ἐξευρίσκω@viia2s καί@cs καθίστημι@vpaanms ὁ@ddmp μέν@b ἐν@p ἡλικία@ndfsc στρατεύω@vnpe-- λαγχάνω@vpaadmp ἀποδείκνυμι@vpaanms ὁ@dgmp πόνος@ngmpc μελέτη@nafsc παπαπλησία@anafs- δέ@b ὁ@ddmp πολέμιος@ndmpc ἱππικός@anafs- καθίστημι@vpamnms δύναμις@nafsc ὁ@ddms πεζός@andms- δέ@cs ἐπιτάσσω@vpaanms ὁ@dgmp πόνος@ngmpc ἔχω@vnpe-- καί@b οὗτος@rpanp οὐ@b ῥῆμα@ndnpc μόνος@anans- οὐ@b δέ@cs ἐκ@p ἐπίταγμα@ngnsc μελετάω@vppanms δέ@cs αὐτός@rpnms καί@b συνασκέω@vppenms καί@cs δείκνυμι@vppanms ἔργον@ndnsc ὁ@dans πρακτέος@anans- πόλεμος@ngmpc ἐργάτης@nampc ἄφνω@b καθίστημι@viaa2s χρῆμα@ngnpc δέ@b ἐπινοέω@viia2s πόρος@nampc οὐ@b αὐξάνω@vppanms ὁ@damp φόρος@nampc οὐ@b δέ@cs ὁ@dafp σύνταξις@nafpc καθά@cs ἀθηναῖος@nnmpp πρόσθεν@b εἰς@p ὁ@dans διπλάσιος@anans- ἤ1@cs καί@b ἐπί@p πλέος@anans- καθίστημι@vpaanms ἐμμένω@vppanms δέ@b οἴομαι@vipe1s ὁ@ddmp ἀρχαῖος@andmp- πλήν@p εἰ@cs πού@b πρός@p βραχύς@anans- καί@cs πρός@p καιρός@namsc χρή@viia3s αἰσθάνομαι@vnae-- δαπανηρός@angnpc ὁ@dgnp λειτουργίαμα@ngnpc ἐν@p τοσοῦτος@rpdfs δέ@b ὁ@damp στρατεύω@vppeamp ἄγω@viia2s ἀφθονία@ndfsc ὡς@cs μή@b τε@b ὑβρίζω@vnpa-- ὁ@ddms κόρος@ndmsc μή@b τε@cs ὑπό@p ὁ@dgfs ἔνδεια@ngfsc πλημμελέω@vnpa-- ἀναγκάζω@vnap-- ὅπλον@ngnpc δέ@b καί@cs ἵππος@ngmpc παρασκευή@nafsc καί@b ναῦς@ngfpc ὁ@dgfp ποτάμιον@ngnpc καί@b μηχάνημα@ngnpc καί@cs ὁ@dgnp ἄλλος@rpgnp ἅπας@angnp- ὁ@dans πλῆθος@nansc σιωπή@ndfsc κατέχω@vipa1s"
"Panegyr.Constant._17","ἐπεί@cs δέ@b ὁ@dnnp ὁ@dgfs παρασκευή@ngfsc τέλος@nansc ἔχω@viia3s καί@cs δεῖ@viia3s χράω@vnpe-- ὁ@ddnp προερέω@vpapdnp εἰς@p δεῖ@vppaans ζεύγνυμι@viie3s μέν@b ὁ@dnms τίγρας@nnmsp σχεδία@ndfsc πολλάκις@b αἴρω@viap3s δέ@b ἐπί@p αὐτός@rpdns φρούριον@nnnpc καί@b ὁ@dgmp πολέμιος@ngmpc οὐδείς@rpnms τολμάω@viaa3s ἀμύνω@vnaa-- ὁ@ddfs χώρα@ndfsc πορθέω@vppedfs πᾶς@ananp- δέ@cs παρά@p ἐγώ@rpamp ἄγω@viie3s ὁ@danp ἐκεῖνος@rpgmp ἀγαθός@ananp- ὁ@dgmp μέν@b οὐ@b δέ@b εἰς@p χείρ@nafpc εἶμι@vnpa-- τολμάω@vppagmp ὁ@dgmp θρασύνω@vppegmp δέ@cs παρά@p αὐτός@rpanp ὁ@dafs τιμωρία@nafsc ὑπέχω@vpaagmp ὁ@dnns μέν@b δή@b κεφάλαιος@annns- ὁ@dgfp εἰς@p ὁ@dafs πολέμιος@anafs- εἰσβολή@ngfpc τοιοῦτος@rpnns κατά@p ἕκαστος@anams- γάρ@b ἐπέξειμι@vnpa-- τις@rpnms ἄν@b ἄξιος@b ἐν@p βραχύς@andms- λόγος@ndmsc δύναμαι@voap3s ὁ@dgmp μέν@b ὁ@dafp συμφορά@nafpc ὁ@dgmp δέ@cs ὁ@dafp ἀριστεία@nafpc ἀπαριθμέω@vppenms τοσοῦτος@rpans δέ@b ἴσως@b εἶπον@vnaa-- οὐ@b χαλεπός@annns- ὅτι@cs πολλάκις@b ὁ@dams ποταμός@namsc ἐκεῖνος@anams- περαιόω@vpapnms σύν@p ὁ@ddns στράτευμα@ndnsc καί@cs πολύς@anams- ἐν@p ὁ@ddfs πολέμιος@ndfsc διατρίβω@vpaanms χρόνος@namsc λαμπρός@annms- ἐπάνειμι@viia2s ὁ@ddmp τρόπαιον@andmp- ὁ@dafp διά@p σύ@rpa-s πόλις@nafpc ἐλεύθερος@anafp- ἔπειμι1@vppanms καί@b χαρίζομαι@vppenms εἰρήνη@nafsc καί@cs πλοῦτος1@namsc πᾶς@ananp- ἀθρόος@b ὁ@danp ἀγαθός@ananp- καί@cs ὁ@dgnp πάλαι@b ποθέω@vppegnp δίδωμι@vppanms ἀπολαύω@vnpa-- νίκη@ngfsc κατά@p ὁ@dgmp βάρβαρος@ngmpc τρόπαιον@angmp- ἐγείρω@vppegmp κατά@p ὁ@dgfs πάρθος@ngmpp ἀπιστία@ngfsc καί@cs ἀνανδρία@ngfsc ὅς@rpafs ὁ@dans μέν@b ἐπιδείκνυμι@viam3p ὁ@dafp σπονδή@nafpc λύω@vpaanmp καί@cs ὁ@dafs εἰρήνη@nafsc συγχέω@vpaanmp ὁ@dans δέ@cs μή@b τολμάω@vppanmp ὑπέρ@p ὁ@dgfs χώρα@ngfsc καί@cs ὁ@dgmp φίλτατος@angmps ἀμύνω@vnpe--"
"Panegyr.Constant._18","ἀλλά@cs ὅπως@cs μή@b τις@rpnms ὑπολαμβάνω@vsaa3s ἐγώ@rpams οὗτος@rpgnp μέν@b ἡδέως@b μιμνήσκω@vnre-- ὁ@dgnp ἔργον@ngnpc ὀκνέω@vnpa-- δέ@b ἐκεῖνος@rpanp περί@p ὅς@rpanp καί@b ὁ@ddmp πολέμιος@ndmpc πλεονεκτέω@vnaa-- παρέχω@viaa3s ὁ@dnfs τύχη@nnfsc μᾶλλον@b δέ@cs ὁ@dnfs χώρα@nnfsc ὁ@dafs ἐκ@p ὁ@dgms καιρός@ngmsc προσλαμβάνω@vpaanfs ῥοπή@nafsc ὡς@cs αἰσχύνη@nafsc ἐγώ@rpdmp οὐ@b δέ@cs ἔπαινος@namsc καί@cs τιμή@nafsc φέρω@vppaams καί@b ὑπέρ@p οὗτος@rpgnp πειράω@vifm1s δηλόω@vnaa-- διά@p βραχύς@angnp- οὐ@b πρός@p ὁ@dans λυσιτελής@ananss ἐμαυτοῦ@rpdms ὁ@damp λόγος@nampc πλάσσω@vppanms ὁ@dafs ἀλήθεια@nafsc δέ@cs ἀγαπάω@vppanms ἐν@p πᾶς@andnp- ὅς@rpgfs εἰ@cs τις@rpnms ἑκών@annms- ἁμαρτάνω@voaa3s ὁ@dafs ἐκ@p ὁ@dgns κολακεύω@vnpa-- αἰσχύνη@nafsc οὐδαμῶς@b ἐκφεύγω@vipa3s προστίθημι@vipa3s δέ@b ὁ@ddmp ἐπαινέω@vppedmp ὁ@dans δοκέω@vnpa-- μη@b δέ@cs ὑπέρ@p ὁ@dgmp ἄλλος@rpgmp εὖ@b ἀκούω@vnpa-- κατά@p ὁ@dafs ἀξία@nafsc ὅς@rpans πάσχω@vnaa-- εὐλαβέομαι@vifm1p δείκνυμι@vifa3s δέ@b ὁ@dnms λόγος@nnmsc αὐτός@annms- εἰ@cs μηδαμοῦ@b ὁ@dans ψεῦδος@nansc πρό@p ὁ@dgfs ἀλήθεια@ngfsc τιμάω@vira3s οὐκοῦν@b εὖ@b οἶδα@vira1s ὅτι@cs πᾶς@annmp- ἄν@b μέγας@ananss φημί@voaa3p πλεονέκτημα@nansc ὁ@dgmp βάρβαρος@ngmpc ὁ@dams πρό@p ὁ@dgmp σιγγάρος@ngmpp πόλεμος@namsc ἐγώ@rpnms δέ@b ἐκεῖνος@anafs- ὁ@dafs μάχη@nafsc ἴσος@ananp- μέν@b φέρω@vnaa-- ὁ@ddnp στρατόπεδον@ndnpc ὁ@danp δυστύχημα@nanpc δείκνυμι@vnaa-- δέ@cs ὁ@dafs σός@anafs- ἀρετή@nafsc περιγίγνομαι@vppeafs ὁ@dgfs ἐκεῖνος@rpgmp τύχη@ngfsc φημί@vopa1s ἄν@b εἰκότως@b καί@cs οὗτος@rpanp στρατόπεδον@ndnsc χράω2@vpamgns θρασύς@andns- καί@cs τολμηρός@andns- καί@cs πρός@p ὁ@dafs ὥρα@nafsc καί@cs ὁ@dafs ὁ@dgns πνίγος@angns- ῥώμη@nafsc οὐ@b ὅμοιος@b ἐκεῖνος@rpdnp συνήθης@viia3s ὅπως@b δέ@b ἕκαστος@annns- πράσσω@viap3s διηγέομαι@vifm1s"
"Panegyr.Constant._19","θέρος@nnnsc μέν@b γάρ@b εἰμί@viia3s ἀκμάζω@vppanns ἔτι@b σύνειμι2@viia3s δέ@cs εἰς@p ὁ@dans αὐτός@anams- ὁ@dnnp στρατόπεδον@nnnpc πολύς@anans- πρό@p ὁ@dgfs μεσημβρία@ngfsc ἐκπλήσσω@vppenmp δέ@b ὁ@dnmp πολέμιος@nnmpc ὁ@dafs εὐταξία@nafsc καί@b ὁ@dams κόσμος@namsc καί@cs ὁ@dafs ἡσυχία@nafsc αὐτός@rpnmp δέ@cs πλῆθος@ndnsc θαυμαστός@annmp- φαίνω@vpapnmp ἄρχω@viie3s μέν@b οὐδείς@rpnms ὁ@dgfs μάχη@ngfsc ὁ@dgmp μέν@b εἰς@p χείρ@nafpc εἶμι@vnpa-- πρός@p οὕτως@b παρασκευάζω@vpreafs δύναμις@nafsc ὀκνέω@vppagmp ὁ@dgmp δέ@cs περιμένω@vppagmp ἐκεῖνος@rpamp ἄρχω@vnpa-- ὅπως@cs ἀμύνω@vppenmp μᾶλλον@b ἐν@p πᾶς@andnp- οὐ@b δέ@cs αὐτός@rpnmp πόλεμος@ngmsc μετά@p ὁ@dafs εἰρήνη@nafsc ἄρχω@vppanmp φαίνω@voap3p τέλος@nansc δέ@b ὁ@dnms ὁ@dgfs βαρβαρικός@angfs- ἐκεῖνος@rpgfs δύναμις@ngfsc ἡγεμών@nnmsc μετέωρος@annms- αἴρω@vpapnms ὑπέρ@p ὁ@dgfp ἀσπίς@ngfpc καί@cs καταμανθάνω@vpaanms ὁ@dans πλῆθος@nansc ἐν@p τάξις@ndfsc οἷος@rpnms ἐκ@p οἷος@rpgms γίγνομαι@vira3s καί@cs ποῖος@anafp- ἀφίημι@vipa3s φωνή@nafpc προδίδωμι@vnre-- βοῦς@vppanms καί@cs ὁ@damp ὑπέρ@p ὁ@dgms πόλεμος@ngmsc πείθω@vpaaamp αἰτιάομαι@vppenms φεύγω@vnpa-- οἴομαι@viie3s χρή@vnpa-- διά@p τάχος@ngnsc καί@cs οὗτος@rpans μόνος@anans- ὁ@rpdms πρός@p σωτηρία@nafsc ἀρκέω@vnfa-- εἰ@cs φίημι@vifm3s ὁ@dams ποταμός@namsc διαβαίνω@vnaa-- ὅς@rpnms εἰμί@vipa3s ὁ@dgfs χώρα@ngfsc ἐκεῖνος@angfs- πρός@p ὁ@dafs ἡμέτερος@anafs- ὅρος@nnmsc ἀρχαῖος@annms- οὗτος@rpanp διανοέω@vpapnms ἐκεῖνος@rpnms πρῶτος@anans- ἐπί@p πούς@namsc σημαίνω@vipa3s ὁ@dafs ἀναχώρησις@nafsc καί@cs κατά@p ὀλίγος@anans- προστίθημι@vppanms ὁ@ddns τάχος@ndnsc τέλος@nansc ἤδη@b καρτερός@b φεύγω@viia3s ἔχω@vppanms ὀλίγος@anamp- ἱππεύς@nampc ἀμφί@p ἑαυτοῦ@rpams ὁ@dafs δύναμις@nafsc ἅπας@anafs- ὁ@ddms παῖς@ndmsc καί@cs ὁ@ddms πιστός@andmss ὁ@dgmp φίλος@ngmpc ἐπιτρέπω@vpaanms ἄγω@vnpa-- οὗτος@rpanp ὁράω@vppanmp ὁ@dans στράτευμα@nansc καί@cs χαλεπαίνω@vppanmp ὅτι@cs μηδείς@rpafs ὑπισχνέομαι@viaa3p ὁ@dgnp τολμάω@vpregnp δίκη@nafsc βοάω@viia3p ἄγω@vnpa-- ἐπί@p αὐτός@rpamp καί@cs κελεύω@vppagms σύ@rpgcs μένω@vnpa-- ἄχθομαι@vppenmp μετά@p ὁ@dgnp ὅπλον@ngnpc θέω@viia3p ὡς@cs ἕκαστος@annms- ἔχω@viia3s ῥώμη@ngfsc τε@cs καί@cs τάχος@ngnsc ἄπειρος1@annmp- μέν@b εἰμί@vppanmp αὐτός@rpnmp τέως@b ὁ@dgfs σός@angfs- στρατηγία@ngfsc εἰς@p δέ@cs ὁ@dafs ἡλικία@nafsc ὁράω@vppanmp ἀμείνων@anansc ἑαυτοῦ@rpgmp ὁ@dans συμφέρω@vppaans κρίνω@vnpa-- ἥσσων@anansc πιστεύω@viia3p καί@b ὁ@ddns πολύς@anafp- συγκατεργάζομαι@vnre-- ὁ@ddms πατήρ@ndmsc ὁ@ddms σός@andms- μάχη@nafpc καί@cs κρατέω@vnaa-- πανταχοῦ@b ὁ@dans δοκέω@vnpa-- ἀήσσητος@anamp- εἰμί@vnpa-- συναγωνίζομαι@viie3s οὗτος@rpgnp δέ@b οὐδείς@rpgns ἐλάσσων@anansc ὁ@dnns παρίστημι@vpranms πάρθος@ngmpp δέος@nnnsc ἐπαίρω@viaa3s ὡς@b οὐ@b ἀγωνίζομαι@vpamamp πρός@p ὁ@damp ἀνήρ@nampc μόνος@anans- ἀλλά@cs καί@b πρός@p ὁ@dafs χώρα@nafsc αὐτός@anafs- καί@b εἰ@cs τις@rpans μέγας@anansc ἔξωθεν@b προσπίπτω@voaa3s καί@b οὗτος@rpgns πάντως@b κρατέω@vpfaamp ταχύς@b οὖν@b ἑκατόν@an---- μεταξύ@b στάδιον@nanpc διατρέχω@vpaanmp ἐφίστημι@vila3p ἤδη@b πάρθος@ndmpp εἰς@p ὁ@dans τεῖχος@nansc καταφεύγω@vpradmp ὅς@rpnns πρότερος@anans- ἤδη@b ποιέω@vile3s σφεῖς@rpdmp ὥσπερ@cs στρατόπεδον@nnnsc ἑσπέρα@nnfsc δέ@b εἰμί@viia3s λοιπός@annns- καί@cs ὁ@dnms πόλεμος@nnmsc αὐτόθεν@b συζεύγνυμι@viie3s καί@b ὁ@dans μέν@b τεῖχος@nansc αἱρέω@vipa3p εὐθύς2@b ὁ@damp ὑπέρ@p αὐτός@rpgms κτείνω@vpaanmp γίγνομαι@vpamnmp δέ@b εἴσω@p ὁ@dgnp ἔρυμα@ngnpc πολύς@anams- μέν@b ἀριστεύω@viia3p χρόνος@namsc ὑπό@p δέ@cs ὁ@dgns δίψος@ngnsc ἀπολέγω@vpranmp ἤδη@b καί@cs λάκκος@ndmpc ὕδωρ@ngnsc ἐντυγχάνω@vpaanmp ἔνδον@b ὁ@dafs καλός@anafss νίκη@nafsc διαφθείρω@viaa3p καί@cs ὁ@ddmp πολέμιος@ndmpc παρέχω@viaa3p ἀναμάχομαι@vnam-- ὁ@dans πταῖσμα@nansc"
"Panegyr.Constant._20","οὗτος@rpnns τέλος@nnnsc ὁ@dgfs μάχη@ngfsc ἐκεῖνος@angfs- γίγνομαι@vira3s τρεῖς@an---- μέν@b ἤ1@cs τέσσαρες@anamp- ἀφαιρέω@vpamgfs ὁ@dgmp παρά@p ἐγώ@rpdmp πάρθος@ngmpp δέ@cs ὁ@dams ἐπί@p ὁ@ddfs βασιλεία@ndfsc τρέφω@vppeams ἁλίσκομαι@vpaaams πρότερος@anans- καί@cs ὁ@dgmp ἀμφί@p αὐτός@rpams παμπληθής@anamp- συνδιαφθείρω@vppagfs οὗτος@rpdmp δέ@b ἅπας@andnp- δράω@vppedmp ὁ@dnms μέν@b ὁ@dgmp βάρβαρος@ngmpc ἡγεμών@nnmsc οὐ@b δέ@cs ὄναρ@nnnsc πάρειμι1@viia3s οὐ@b δέ@b γάρ@b ἐπέχω@viaa3s ὁ@dafs φυγή@nafsc πρίν@b ἤ1@cs κατά@p νῶτον@ngnsc ὁ@dams ποταμός@namsc ποιέω@viam3s αὐτός@rpnms δέ@b διαμένω@viia2s ἐν@p ὁ@ddnp ὅπλον@ndnpc διά@p ὅλος@angfs- ἡμέρα@ngfsc καί@cs νύξ@ngfsc ἅπας@angfs- συμμετέχω@vppanms μέν@b ὁ@ddmp κρατέω@vppadmp ὁ@dgnp ἀγώνισμα@ngnpc ὁ@ddmp πονέω@vppadmp δέ@cs ἐπαρκέω@vppanms διά@p τάχος@angnp- ὑπό@p δέ@b ὁ@dgfs ἀνδρεία@ngfsc καί@cs ὁ@dgfs εὐψυχία@ngfsc εἰς@p τοσοῦτος@anams- ὁ@dams ἀγών@namsc μεθίστημι@viaa2s ὥστε@cs αὐτός@rpamp μέν@b ἐπί@p ὁ@dafs ἑαυτοῦ@rpgmp ὁ@dgfs ἡμέρα@ngfsc ἐπιλαμβάνω@vpaagfs ἄσμενος@b ἀποσώζω@vnpe-- ἀναχωρέω@vnpa-- δέ@cs ἐκ@p ὁ@dgfs μάχη@ngfsc ἕπομαι@vppegms σύ@rpgms καί@b ὁ@damp τραυματίας@anamp- οὕτως@b ὁ@dans δέος@nansc πᾶς@andmp- ἀνίημι@vira2s ὁ@dgfs φυγή@ngfsc ποῖος@rpnns οὖν@b ἁλίσκομαι@viaa3s φρούριον@nnnsc τις@annfs- δέ@b πολιορκέω@viap3s πόλις@nnfsc τις@angfs- δέ@b ἀποσκευή@ngfsc ὁ@dnmp πολέμιος@nnmpc κρατέω@vpaanmp ἔχω@viaa3p ἐπί@p ὅστις@rpdns σεμνύνω@vspe3p μετά@p ὁ@dams πόλεμος@namsc ἀλλά@cs ἴσως@b φημί@vifa3s τις@rpncs ὁ@dans μηδέποτε@b ὁ@dgmp πολέμιος@angmp- ἥσσων@anansc ἔχω@vppaams ἀπέρχομαι@vnaa-- εὐτυχής@anans- καί@cs εὐδαίμων@anans- ἡγητέον@annns- ὁ@dnns δέ@b ἀνθίστημι@vnaa-- ὁ@ddfs τύχη@ndfsc ῥωμαλέος@anansc καί@cs μέγας@angfsc ἀρετή@ngfsc ὑπάρχω@vipa3s σημεῖον@nnnsc τις@nnmsp μέν@b γάρ@b ἀγαθός@annms- κυβερνήτης@nnmsc ἐν@p εὐδία@ndfsc ὁ@dafs ναῦς@nafsc κατευθύνω@vppanms γαλήνη@ngfsc ἀκριβής@angfs- κατέχω@vppagfs ὁ@dans πέλαγος@nansc τις@rpnms δέ@b ἡνίοχος@nnmsc ἅρμα@ngnsc δεξιός@annms- ἐν@p ὁμαλός@andns- καί@cs λεῖος@andns- χωρίον@ndnsc εὐπειθής@anamp- καί@b πρᾶος@anamp- καί@cs ταχύς@anamp- ἵππος@nampc ζεύγνυμι@vpamnms εἶτα@cs ἐν@p οὗτος@rpdnp ἐπιδείκνυμι@vppenms ὁ@dafs τέχνη@nafsc πόσος@andns- δέ@b ἀμείνων@annmsc ναῦς@nampc μέν@b ἰθυντήρ@nnmsc ὁ@dnms καί@b ὁ@dams μέλλω@vppaams χειμών@namsc προμανθάνω@vpaanms καί@b προαισθάνομαι@vppenms καί@cs πειράω@vpapnms γε@b οὗτος@rpams ἐκκλίνω@vnaa-- εἶτα@cs διά@p ὁσδηποτοῦν@anans- αἰτία@nafpc ἐμπίτνω@vpaanms καί@cs διασῴζω@vpaanms ἀπαθής@anafs- ὁ@dafs ναῦς@nafsc αὐτός@andms- φόρτος@ndmsc ἅρμα@nnmsc δέ@b ἐπιστάτης@nnmsc ὁ@dnms καί@b πρός@p χωρίον@ngnpc ἀγωνίζομαι@vppenms τραχύτης@nafsc καί@b ὁ@damp ἵππος@nampc μετατίθημι@vppanms ἅμα@b καί@cs βιάζω@vppenms ἐάν@cs τις@rpans πλημμελέω@vspa3p ὅλος@b δέ@b οὐδείς@rpafs ἄξιος@annns- τέχνη@nafsc μετά@p ὁ@dgfs τύχη@ngfsc ἐξετάζω@vnpa-- ἀλλά@cs αὐτός@rpafs ἐπί@p ἑαυτοῦ@rpgfs σκοπέω@vnpa-- οὐ@b δέ@b στρατηγός@nnmsc ἀμείνων@annmsc ὁ@dnms κλέων@nnmsp νικίας@ngmsp ἐπεί@cs ὁ@danp περί@p ὁ@dafs πύλος@nafsp εὐτυχέω@viaa3s οὐ@b δέ@cs ἄλλος@annms- οὐδείς@rpnms ὁ@dgmp τύχη@ndfsc μᾶλλον@b ἤ1@cs γνώμη@ndfsc κρατέω@vppagmp ἐγώ@rpnms δέ@b εἰ@cs μή@b καί@b ὁ@dafs τύχη@nafsc ὁ@dafs σός@anafs- ἀμείνων@anafsc καί@cs δίκαιος@anafsc ὁ@dgfs ὁ@dgmp ἀντιτάσσω@vpamgmp μᾶλλον@b δέ@cs ὁ@dgfs ἅπας@angmp- ἄνθρωπος@ngmpc κράτιστος@anafs- φημί@voaa1s ἀδικέω@vnpa-- ἄν@b εἰκότως@b δοκέω@vopa1s ὁ@dafs μή@b παρέχω@vpaaafs ὁ@ddmp πολέμιος@ndmpc αἰσθάνομαι@vnam-- ὁ@dans πλεονέκτημα@nansc χρή@vipa3s γάρ@b οἴομαι@vipe1s ὁ@dams δίκαιος@b ὑπέρ@p ὁ@dgnp ἐρῶ@vpapgnp κρίνω@vppaams ὁ@dans μέν@b ἐλάττωμα@nansc ὁ@ddfs ὁ@dgms πνίγος@ngmsc ἀναντίβλεπτος@andfs- ῥώμη@ndfsc λογίζομαι@vnpe-- ὁ@dans δέ@b εἰς@p ἴσος@anans- καθίστημι@vnaa-- ὁ@damp πολέμιος@nampc ὁ@ddfp συμφορά@ndfpc ὁ@dgfs σός@angfs- ἀρετή@ngfsc ἔργον@nansc ὑπολαμβάνω@vnaa-- ὁ@dans δέ@cs ὁ@dgfp μέν@b οἰκεῖος@angfp- αἰσθάνομαι@vnam-- συμφορά@ngfpc ἀγνοέω@vnaa-- δέ@b ὁ@danp κατόρθωμα@nanpc ὁ@dgfs ἀγαθός@angfs- τύχη@ngfsc ἔργον@nansc λογίζομαι@vnpe--"
"Panegyr.Constant._21","ἀλλά@cs ὅπως@cs μή@b μακρός@ananpc περί@p οὗτος@rpgnp λέγω3@vppanms ὁ@dams ὑπέρ@p ὁ@dgmp μέγας@angnpc καιρός@namsc ἀναλίσκω@vsaa1s πειράω@vifm1s λοιπός@anans- ὁ@dans μετά@p οὗτος@rpans περιίστημι@vppanms ἐγώ@rpamp ὁ@dgnp πρᾶγμα@ngnpc πλῆθος@nansc διέξειμι@vnpa-- καί@cs ὁ@dgmp κίνδυνος@ngmpc ὁ@dans μέγεθος@nansc καί@cs ὅπως@cs ἅπας@andmp- ἀντέχω@vpaanms τύραννος@ngmpc μέν@b πλῆθος@nansc βάρβαρος@ngmpc δέ@cs τρέπω@vsaa1s δύναμις@nafpc εἰμί@viia3s μέν@b γάρ@b ὁ@dnms χειμών@nnmsc ἐπί@p ἔξοδος@ndfpc ἤδη@b ἕκτος@anans- πού@b μάλιστα@b μετά@p ὁ@dams πόλεμος@namsc ἔτος@nansc ὅς@rpgms μικρός@andns- πρόσθεν@b μιμνήσκω@viap1s ἵημι@viaa3s δέ@cs ἀγγέλλω@vppanms τις@rpnms ὡς@cs γαλατίη@nnfsp μέν@b συναφίστημι@vpranfs ὁ@ddms τύραννος@ndmsc ἀδελφός@ndmsc ὁ@ddms σός@andms- βουλεύω@viaa3s τε@b καί@cs ἐπιτελέω@viaa3s ὁ@dams φόνος@namsc εἶτα@b ὡς@cs ἰταλία@nnfsp καί@cs σικελία@nnfsp καταλαμβάνω@vire3s ὁ@dnnp δέ@cs ἐν@p ἰλλύριος@ndmpp στρατόπεδον@nnnpc ταραχώδης@b ἔχω@vipa3s καί@cs βασιλεύς@namsc σφεῖς@rpgmp ἀποδείκνυμι@viaa3s ὁ@dams τέως@b στρατηγός@namsc ἀντέχω@vnaa-- ἐθέλω@vppaams πρός@p ὁ@dafs ἄμαχος@anafs- δοκέω@vppaafs ὁ@dgmp τύραννος@ngmpc φορά@nafsc ἱκετεύω@viia3s δέ@b αὐτός@annms- οὗτος@rpnms χρῆμα@nanpc πέμπω@vnpa-- καί@cs δύναμις@nafsc ὁ@dafs βοηθέω@vpfaafs σφόδρα@b ὑπέρ@p ἑαυτοῦ@rpgms δείδω@vpranms καί@cs τρέμω@vppanms μή@cs πρός@p ὁ@dgmp τύραννος@ngmpc κρατέω@voap3s καί@b τέως@b μέν@b ἐπαγγέλλω@viie3s ὁ@danp προσήκω@vppaanp δράω@vnfa-- οὐδαμῶς@b ἑαυτοῦ@rpams ἀξιόω@vppanms ὁ@dgfs ἀρχή@ngfsc ἐπίτροπος@anams- δέ@cs οἴομαι@vipe1s πιστός1@anams- καί@cs φύλαξ@namsc παρέχω@vnfa-- ἐπαγγέλλω@vppenms μέλλω@viia3s δέ@b οὐ@b εἰς@p μακράν@anafs- ἄπιστος@annms- φαίνω@vnfm-- καί@cs δίκη@nafsc ὑπέχω@vnfa-- καίτοι@b φιλάνθρωπον@anans- οὗτος@rpanp πυνθάνομαι@vpamnms οὐ@b οἴομαι@viie2s δεῖ@vnpa-- ἐν@p ῥᾳστώνη@ndfsc πολύς@andfs- ὁ@dams χρόνος@namsc ἀναλίσκω@vnpa-- μάτην@b ἀλλά@b ὁ@dafp μέν@b ἐπί@p ὁ@ddfs συρία@ndfsp πόλις@nafpc μηχάνημα@ngnpc καί@b φρουρά@ngfsc καί@b σῖτος@ngmsc καί@cs ὁ@dgfs ἄλλος@angfs- παρασκευή@ngfsc ἐμπίπλημι@vpaanms καί@cs ἄπειμι@vppanms ἀρκέω@vnfa-- ὁ@ddmp ὅδε@rpdfs προσδοκάω@viaa2s αὐτός@rpnms δέ@cs ἐπί@p ὁ@damp τύραννος@nampc ὁρμάω@vnpa-- βουλεύω@viie2s"
"Panegyr.Constant._22","πέρσης@nnmpp δέ@b ἐκ@p ἐκεῖνος@rpgns ὁ@dams καιρός@namsc οὗτος@anams- καταφυλάσσω@vpaanmp ὡς@b ἐκ@p ἔφοδος3@ngfsc ὁ@dafs συρία@nafsp λαμβάνω@vpfmnmp πᾶς@anafs- ἐξανίστημι@vpaanmp ἡλικία@nafsc καί@b φύσις@nafsc καί@cs τύχη@nafsc ἐπί@p ἐγώ@rpamp ὁρμάω@viie3p ἀνήρ@nvmpc μειράκιον@nvnpc πρεσβύτης@nnmpc καί@b γυνή@ngfpc πλῆθος@nansc καί@cs θεράπων@ngmpc οὐ@b μόνος@anans- ὁ@dgfp πρός@p ὁ@dams πόλεμος@namsc ὑπουργία@ngfpc χάρις@p ἐκ@p περιουσία@ngfsc δέ@cs πλεῖστος@anans- ἕπομαι@vppeams διανοέομαι@viie3p γάρ@b ὡς@cs καί@b ὁ@dafp πόλις@nafpc κατέχω@vpfanmp καί@cs ὁ@dgfs χώρα@ngfsc ἤδη@b κρατέω@vpaanmp κλήρουχος@nampc ἐγώ@rpdmp ἐπάγω@vnpa-- κενός@anafp- δέ@b ἀποφαίνω@viaa3s αὐτός@rpdmp ὁ@dafp προσδοκία@nafpc ὁ@dgfs παρασκευή@ngfsc ὁ@dgfs σός@angfs- ὁ@dnns μέγεθος@nnnsc ἐπεί@cs γάρ@b εἰς@p πολιορκία@nafsc καθίστημι@viaa3p ἐπιτειχίζω@viie3s μέν@b ὁ@dnfs πόλις@nafpc κύκλος@ndmsc ὁ@ddnp χῶμα@ndnpc ἐπέρρω@viia3s δέ@cs ὁ@dnms μυγδόνιος@nnmsp πελαγίζω@vppanms ὁ@dans περί@p ὁ@ddns τεῖχος@ndnsc χωρίον@nansc καθά@cs ὁ@dnms νεῖλος@nnmsp φημί@vipa3p ὁ@dafs αἴγυπτος@nafsp προσάγω@viie3s δέ@b ἐπί@p ναῦς@ngfpc ὁ@ddfp ἔπαλξις@ndfpc ὁ@dnnp μηχάνημα@nnnpc καί@cs ἐπιπλέω@vnpa-- ἄλλος@rpnmp διανοέομαι@viie3p ὁ@ddnp τεῖχος@ndnpc ἄλλος@rpnmp δέ@cs βάλλω@viia3p ἀπό@p ὁ@dgnp χῶμα@ngnpc ὁ@damp ἀμύνω@vppeamp ὑπέρ@p ὁ@dgfs πόλις@ngfsc ὁ@dnmp δέ@b ἐκ@p ὁ@dgnp τεῖχος@ngnpc ἀμύνω@viia3p καρτερός@b ὁ@ddfs πόλις@ndfsc μεστός@annnp- δέ@b εἰμί@viia3s ἅπας@annnp- σῶμα@ngnpc καί@b ναυάγιον@ngnpc καί@b ὅπλον@ngnpc καί@cs βέλος@ngnpc ὁ@dgnp μέν@b ἄρτι@b καταδύω@vppegnp ὁ@dgnp δέ@cs ἐπεί@cs ὁ@dans πρῶτος@anans- ὑπό@p ὁ@dgfs βία@ngfsc κατένειμι@vpapnnp καταδύω@viaa3s κουφίζω@vppegnp ὑπό@p ὁ@dgns κῦμα@ngnsc ἀσπίς@nnfpc μέν@b ἐπινήχομαι@viie3p βάρβαρος@ngmpc παμπληθής@annfp- καί@cs ναῦς@ngfpc σέλμα@nnnpc συντρίβω@vppegnp ἐπί@p αὐτός@rpdfp ὁ@dgnp μηχάνημα@ngnpc βέλος@ngnpc πλῆθος@nansc ἐπινήχω@vppeans μικρός@angns- δεῖ@vnpa-- ἐπέχω@viia3s ἅπας@anans- ὁ@dans μεταξύ@p ὁ@dgns τεῖχος@ngnsc καί@cs ὁ@dgnp χῶμα@ngnpc τρέπω@vile3s δέ@b ὁ@dnfs λίμνη@nnfsc πρός@p λύθρον@namsc καί@cs κύκλος@ndmsc ὁ@dans τεῖχος@nansc ἐπαχέω@viia3p οἰμωγή@nnfpc βάρβαρος@ngmpc ὄλλυμι@vppagmp μέν@b οὐδαμῶς@b ὄλλυμι@vppegmp δέ@cs πολύτροπος@b καί@cs τιτρώσκω@vppegmp ποικίλος@andnp- τραῦμα@ndnpc τις@rpnms ἄν@x ἄξιος@b ὁ@dgmp δράω@vppegmp διηγέομαι@vope3s πῦρ@nnnsc μέν@b ἐνίημι@viie3s ὁ@ddfp ἀσπίς@ndfpc ἐκπίτνω@viia3p δέ@b ὁ@dgmp ὁπλίτης@ngmpc ἡμίκαυστος@annmp- πολύς@annmp- ἄλλος@rpnmp δέ@cs ἀποδιδράσκω@vppanmp ὁ@dafs φλόξ@nafsc ὁ@dams ἐκ@p ὁ@dgnp βέλος@ngnpc οὐ@b ἀποφεύγω@viia3p κίνδυνος@namsc ἀλλά@b ὁ@dnmp μέν@b ἔτι@b νήχω@vppenmp ὁ@danp νῶτον@nanpc τιτρώσκω@vpapnmp εἰς@p βυθός@namsc καταδύω@viie3p ὁ@dnmp δέ@b ἐξάλλομαι@vppenmp ὁ@dgnp μηχάνημα@ngnpc πρίν@b ὕδωρ@ngnsc ἅπτω@vnam-- βάλλω@vpapnmp οὐ@b σωτηρία@nafsc κοῦφος@anamsc δέ@cs εὑρίσκω@viaa3p ὁ@dams θάνατος@namsc ὁ@damp δέ@b οὐ@b δέ@b νέω@vnpa-- οἶδα@vpraamp ἀκλεής@anansc ὁ@dgnp πρόσθεν@b ἀπόλλυμι@vppeamp τις@rpnms ἄν@b ἀξιόω@voaa3s ἀριθμός@ngmsc καί@cs μνήμη@ngfsc ἐπιλείπω@vifa3s ἐγώ@rpacs κατά@p ἕκαστος@anans- εἰ@cs πᾶς@andmp- ἐπεξέρχομαι@vnaa-- βούλομαι@vope1s ὁ@dnms χρόνος@nnmsc ὁ@dnns κεφάλαιος@annns- δέ@b ἀκούω@vnpa-- ἀποχράω@vipa3s οὗτος@anafs- ἥλιος@nnmsc ἐπεῖδον@viaa3s ὁ@dafs μάχη@nafsc ἄγνωστος@anafs- ἄνθρωπος@ndmpc ὁ@dams ἔμπροσθεν@b χρόνος@namsc οὗτος@rpnnp ὁ@dafs παλαιός@anafs- ἀλαζονεία@nafsc ἐλέγχω@viaa3s ὁ@dgmp μῆδος@ngmpp τῦφος@anams- εἰμί@vppaams κενός@anams- οὗτος@rpanp ὁ@dgfs ξέρξης@ngmsp παρασκευή@ngfsc ἀπιστέω@vppegfs τέως@b ὁ@dans μέγεθος@nansc εἰ@cs τοσοῦτος@rpnfs γίγνομαι@vpamnfs τέλος@nansc ἔχω@viaa3s αἰσχρός@anans- καί@cs ἐπονείδιστος@anans- ἐναργής@anansc ὁ@dgnp δοκέω@vppagnp εἰμί@vnpa-- γνώριμος@angnp- ἐγώ@rpdmp καθίστημι@viaa3s ὁ@dnms μέν@b πειράω@viie3s πλέω@vnpa-- καί@cs πεζεύω@vnpa-- ἐναντίος@anans- ὁ@ddfs φύσις@ndfsc μάχομαι@vppenms καί@cs ὥσπερ@cs οὖν@b οἴομαι@viie3s κρατέω@vppanms ἤπειρος@angfs- φύσις@ngfsc καί@cs θάλασσα@ngfsc ἀνήρ@ngmsc ἕλλην@ngmsp ἡσσάομαι@viie3s σοφία@ngfsc καί@cs ῥώμη@ngfsc στρατιώτης@ngmpc οὐ@b τρυφάω@vnpa-- μελετάω@vpragmp οὐ@b δέ@cs δουλεύω@vnpa-- ἀλλά@cs ἐλεύθερος@b ἄρχω@vnpe-- καί@cs πονέω@vnpa-- οἶδα@vpragmp ὁ@dnms δέ@b ὁ@ddfp παρασκευή@ndfpc ἐκεῖνος@rpgms καταδεής@annmsc ἔμπληκτος@annms- δέ@cs μᾶλλον@b καί@cs ὁ@ddfs μανία@ndfsc ὁ@damp ἀλωάς@nampp ὑπερβάλλω@vppenms μόνος@anans- οὐ@b ὁ@dans πλησίος@anans- ὄρος@nansc γιγνώσκω@vpranms ἀμφικαλύπτω@vnaa-- ὁ@ddfs πόλις@ndfsc ἐπαφίημι@vppanms δέ@cs ποταμός@ngmpc ῥεῦμα@nanpc καί@cs ὁ@danp τεῖχος@nanpc διαλύω@vpaanms οὐ@b δέ@cs ἀτείχιστος@angms- ὁ@dgfs πόλις@ngfsc περιγίγνομαι@vpamnms ἔχω@viaa3s ἐπί@p ὅστις@rpdns σεμνύνω@vspe3s καθά@cs ὁ@dnms ξέρξης@nnmsp ὁ@ddfp ἀθῆναι@ndfpp ἐμβάλλω@vpaanms ὁ@dafs φλόξ@nafsc ἐπάνειμι@viia3s δέ@b τέσσαρες@angmp- μείς@ngmpc ἀναλίσκω@vpaanms χρόνος@namsc μυριάς@ndfpc πολύς@andfp- ἥσσων@anansc ἀπάγω@vppanms ὁ@dans σράτευμα@nansc καί@cs ὁ@dafs ἡσυχία@nafsc ἀγαπάω@viaa3s ὁ@dnms πρόσθεν@b ἀφόρητος@annms- δοκέω@vppanms ὁ@dafs σός@anafs- ἀσχολία@nafsc καί@cs ὁ@dafs ὁ@dgnp παρά@p ἐγώ@rpdmp πρᾶγμα@ngnpc ταραχή@nafsc ὥσπερ@b ἔρυμα@nnnsc ὁ@dgfs ἑαυτοῦ@rpgms προβάλλω@vppenms σωτηρία@ngfsc οὗτος@rpanp καταλιμπάνω@vpaanms ἐπί@p ὁ@dgfs ἀσία@ngfsp τρόπαιον@nanpc καί@cs νίκη@nafpc ἐπί@p ὁ@dafs εὐρώπη@nafsp ἀκμής@nampc ἄγω@viia2s ὁ@dans στράτευμα@nansc ὁ@dafs οἰκέω@nafsc ἅπας@anafs- ἐμπίμπλημι@vnaa-- τρόπαιον@ngnpc γιγνώσκω@vpranms"
"Panegyr.Constant._23","ἐγώ@rpdms δέ@b ἀρκέω@vipa3s ὁ@danp πρόσθεν@b ἐρῶ@vpapanp εἰ@cs καί@b μηδείς@rpans ἔτι@b περί@p σύ@rpgms λέγω3@vnpa-- ἔχω@viia1s σεμνός@anansc πρός@p ὁ@dans πᾶς@angmp- ἀποφαίνω@vnaa-- σύ@rpacs ὁ@dgnp ἔμπροσθεν@b ὁ@dgfs αὐτός@angfs- σύ@rpdms μετέχω@vpaagmp τύχη@ngfsc σύνεσις@ndfsc καί@cs ῥώμη@ndfsc κρατέω@vppaams ὁ@dans γάρ@b ἀπαθής@b ὠθέω@vnam-- μέν@b ὁ@dafs πέρσης@ngmpp δύναμις@nafsc οὐ@b πόλις@nafsc οὐ@b δέ@cs φρούριον@anams- ἀλλά@cs οὐ@b δέ@b στρατιώτης@namsc ὁ@dgmp ἐκ@p κατάλογος@ngmsc προίημι@vpamams πολιορκία@ndfsc δέ@cs τέλος@nansc ἐπιτίθημι@vnaa-- λαμπρός@anans- καί@cs οἷος@anans- οὔπω@b πρόσθεν@b ἀκούω@viaa1p τις@rpdns χρή@vipa3s ὁ@dgnp ἔμπροσθεν@b παραβάλλω@vnaa-- ἔργον@ngnpc περιβόητος@annfs- γίγνομαι@vira3s ὁ@dnfs καρχηδόνιος@ngmpp ἐν@p ὁ@ddnp δεινός@andnp- τόλμα@nnnsc ἀλλά@cs τελευτάω@viaa3s εἰς@p συμφορά@nafpc λαμπρός@annnp- ὁ@dnnp περί@p ὁ@dafs πλαταιεύς@ngmpp πολιορκία@nafsc γίγνομαι@vpamnnp χράω2@viam3p δέ@cs ὁ@dnmp δείλαιος@annmp- γνώριμος@anansc ὁ@ddnp δυστύχημα@ndnpc τίς@rpans χρή@vipa3s μεσσήνη@ngfsp καί@cs πύλος@ngmsp μιμνήσκω@vnre-- οὐ@b τε@x ἀγωνίζομαι@vpaegmp καρτερός@b οὐ@b τε@x ἁλίσκομαι@vpaagmp σύν@p βία@ndfsc συρακούσιος@nnmpp δέ@b ὁ@dams σοφός@anams- ἐκεῖνος@rpams ἀντιτάσσω@vpaanmp ὁ@ddfp παρασκευή@ndfpc ὁ@dgfs ἡμέτερος@angfs- πόλις@ngfsc καί@cs ὁ@ddms καλός@andms- καί@cs ἀγαθός@andms- στρατηγός@ndmsc τίς@rpans πλέος@anans- ὀνίνημι@viie3p οὐ@b ἁλίσκομαι@viaa3p μέν@b ὁ@dgnp ἄλλος@rpgmp αἰσχρός@anansc σώζω@viie3p δέ@cs καλός@anans- ὑπόμνημα@nansc ὁ@dgfs ὁ@dgmp αἱρέω@vpaagmp πραότης@ngfsc ἀλλά@cs εἰ@cs πᾶς@anafp- ἐξαριθμέω@vnpe-- ὁ@dafp πόλις@nafpc βούλομαι@vope1s ὅς@rpnfp πρός@p ὁ@dafp ὑποδεής@anafpc οὐ@b καταρκέω@viaa3p παρασκευή@nafpc πόσος@rpafp οἴομαι@vipe2s ἐγώ@rpdms βίβλος@nafpc ἀρκέω@vnfa-- ὁ@dgfs ῥώμη@ngfsp δέ@b ἴσως@b ἄξιος@anans- μιμνήσκω@vnap-- πάλαι@b ποτέ@b χράω2@vpamgfs τύχη@ndfsc τοιοῦτος@andfs- γαλάτης@ngmpp οἴομαι@vipe1s καί@cs κελτοί@ngmpp εἰς@p ὁ@dans αὐτός@rpans πνέω@vpaagmp καί@cs φέρω@vppegmp ἐπί@p αὐτός@rpafs καθά@b χειμάρρους@anamp- ἐξαίφνης@b καταλαμβάνω@viaa1s μέν@b γάρ@b ὁ@dams λόφος@namsc ἐκεῖνος@anams- ὅς@b ὁ@dnns ὁ@dgms ζεύς@ngmsp ἀφιδρύω@vipe3s βρέτας@nnnsc γέρρον@ndnpc δέ@b καί@cs τις@andnp- τοιοῦτος@andnp- οἱονεί@b τεῖχος@ndnsc φράσσω@vpamnmp πολυπραγμονέω@vppagmp οὐδείς@rpans πρόσειμι@vnpa-- ὁ@dgmp πολέμιος@ngmpc βία@ndfsc τολμάω@vppagmp κρατέω@viaa3p οὗτος@rpdfs παραβάλλω@vnaa-- ἄξιος@annns- ὁ@ddfs πολιορκία@ndfsc ὁ@dafs ἔναγχος@p ὁ@ddns τέλος@ndnsc ὁ@dgfs τύχη@ngfsc ἐπεί@cs ὁ@ddnp γε@b ἔργον@ndnpc οὐδείς@rpdfs ὁ@dgfp ὅσος@rpnfp πάλαι@b γίγνομαι@vira3p τις@rpnms γάρ@b γιγνώσκω@viaa3s κυκλέω@vppeafs μέν@b ὕδωρ@ndnpc πόλις@nafsc λόφος@ndmpc δέ@cs ἔξωθεν@b καθά@cs δίκτυον@ndmpc περιβάλλω@vpapafs καί@cs ποταμός@namsc ἐπαφίημι@vppeams οἱονεί@b μηχάνημα@nansc συνεχής@b ῥέω@vppaams καί@cs προσρηγνυμί@vppeams ὁ@ddnp τεῖχος@ndnpc ὁ@dafp τε@b ὑπέρ@p ὁ@dgnp ὕδωρ@ngnpc μάχη@nafpc καί@cs ὅσος@annfp- περί@p ὁ@ddns τεῖχος@ndnsc κατένειμι@vpapdns γίγνομαι@vira3p"
"Panegyr.Constant._24","ἐγώ@rpdms μέν@b οὖν@b ὅσπερ@rpans φημί@viia1s ἀποχράω@viia3s καί@b οὗτος@rpnnp ὁ@dnnp λείπω@vppennp δέ@b εἰμί@vipa3s μακρός@andns- σεμνός@annnpc καί@cs τυγχάνω@vpaaans οὐδαμῶς@b εὔλογος@anans- ἅπαξ@b αἱρέω@vpamams ἅπας@angnp- εἰς@p δύναμις@nafsc μιμνήσκω@vnap-- ὁ@dgnp σύ@rpdcs πράσσω@vpapgnp ἀκμάζω@vppagfp ἔτι@b ὁ@dgfp πρᾶξις@ngfpc ἀφίημι@vnaa-- ὁ@dafs διήγησις@nafsc ὅσος@ananp- μέν@b οὖν@b ἔτι@b ὁ@ddnp ἔργον@ndnpc προσκάθημαι@vppenms ὅς@rpgnp μικρός@andns- πρόσθεν@b μιμνήσκω@viap1s περί@p ὁ@dafs εὐρώπη@nafsp διοικέω@viaa2s πρέσβεια@nafpc πέμπω@vppanms καί@cs ἀναλίσκω@vppanms χρῆμα@nanpc καί@cs στρατόπεδον@nanpc ὁ@danp προσκάθημαι@vppeanp ὁ@ddmp σκύθης@ndmpp ἐν@p παιονία@ndfsp ἐκπέμπω@vppanms ὁ@dgns μή@b κρατέω@vnap-- ὁ@dams πρεσβύτης@namsc ὑπό@p ὁ@dgms τύραννος@ngmsc προνοέω@vppanms πῶς@b ἄν@b τις@rpnms ἐν@p βραχύς@andms- λόγος@ndmsc παρίστημι@vnaa-- δύναμαι@vope3s καί@b πάνυ@b σπουδάζω@vppanms ἐπεί@cs δέ@b ἤδη@b σύ@rpgms πρός@p ὁ@dams πόλεμος@namsc ὁρμάω@vpregms οὐ@b οἶδα@vira1s παρά@p ὅστις@rpgms δαίμων@ngmpc ἐξαιρέω@vpapnms ὁ@dams νόος@namsc καί@cs ὁ@dafp φρήν@nafpc ὁ@dnms τέως@b πιστός@annms- μένω@vnfa-- φύλαξ@nnmsc ἐπαγγέλλω@vppenms καί@b χρῆμα@ndnpc καί@b στρατόπεδον@ndnpc καί@cs ὁ@ddnp ἄλλος@rpdnp ἅπας@andnp- ὑπό@p σύ@rpgms περισώζω@vppenms εἰρήνη@nafsc ὁμολογέω@viaa3s ὁ@ddms πᾶς@angmp- ἄνθρωπος@ngmpc ἀνόσιος@andmss καί@cs πολέμιος@andms- κοινῇ@b μέν@b ἅπας@angmp- ὁπόσος@rpdmp εἰρήνη@ngfsc μέλω@vipa3s καί@cs ὁ@dafs ὁμόνοια@nafsc ἐκ@p πᾶς@angns- στέργω@vipa3p ἴδιος@andfs- δέ@cs σύ@rpdms καί@b πλέος@anansc ὁ@dgmp ἄλλος@rpgmp οὐ@b τε@b δείδω@viaa2s ὁ@dgfs παρασκευή@ngfsc ὁ@dans μέγεθος@nansc οὐ@b τε@cs ἄπιστος@angmp- ἀνήρ@ngmpc συμμαχία@nafsc πλέος@anansc ἔχω@vnpa-- ὑπολαμβάνω@viaa2s ὁ@dgfs ἔμφρων@ang-s- γνώμη@ngfsc ἐγκαλέω@vppanms δέ@b ὡς@cs εἰκός@vpranns ὁ@ddms μέν@b ἀπιστία@nafsc ὁ@ddms δέ@cs πρός@p οὗτος@rpdfs πρᾶξις@ngfpc ἐναγής@vppanms καί@cs παράνομος@angfp- τόλμημα@nanpc ὁ@dams μέν@b εἰς@p δίκη@nafsc καί@cs κρίσις@nafsc ἐπί@p ὁ@dgnp στρατόπεδον@ngnpc προκαλέω@viia2s ὁ@dgms δέ@cs κριτής@namsc ὑπολαμβάνω@viia2s εἰμί@vnpa-- ὁ@dams πόλεμος@namsc"
"Panegyr.Constant._25","ἀλλά@cs ἐπεί@cs πρῶτος@anans- ὁ@dnms καλός@annms- καί@cs συνετός@annms- ἀπαντάω@viia3s πρεσβύτης@nnmsc εὐχερής@anansc παιδάριον@ngnsc τις@rpgcs μετατίθημι@vppenms ὁ@danp δοκέω@vpaaanp καί@cs ὅς@rpgnp εὖ@b πάσχω@voaa3s δέω2@vppenms μετά@p ὁ@dafs χρεία@nafsc ἐπιλήσμων@vppanms πάρειμι1@viia3s δέ@b ἄγω@vppanms ὁπλίτης@ngmpc φάλαγξ@nafpc καί@cs τάξις@nafpc ἱππεύς@ngmpc ὡς@b εἰ@cs μή@b πείθω@vopa3s βιάω@vpfmnms σύ@rpams ὀπίσω@b πάλιν@b ἀπέρχομαι@vnpa-- ὁ@dafs αὐτός@anafs- ἄπρακτος@anafs- οὐδείς@rpans ἐκπλήσσω@vpapnms ὅτι@cs ὁ@dams σύμμαχος@namsc καί@cs στρατηγός@namsc μένω@vnaa-- ἐπαγγέλλω@vppeams πολέμιος@anams- εἶδον@viaa2s ἐκ@p ἴσος@angfs- ἄρχω@vnpa-- ἐθέλω@vppaams καίτοι@b ὁ@ddns πλῆθος@ndnsc ὁ@dgnp στράτευμα@ngnpc ἐλασσόω@vppenms ἐπεί@cs μή@b πᾶς@annmp- ἕπομαι@viie3p πρός@p πλῆθος@ndnsc κρατέω@vppaams διαγωνίζομαι@vnpe-- τολμηρός@anams- μέν@b ἴσως@b σφαλερός@anams- δέ@cs πάντως@b ὑπολαμβάνω@vpaanms καί@cs κρατέω@vpaadms ὁ@ddfs μάχη@ndfsc διά@p ὁ@dams ἐφεδρεύω@vppaams ὁ@ddmp καιρός@ndmpc καί@cs ὁ@ddmp πρᾶγμα@ndnpc ἄγριος@anams- τύραννος@namsc βουλεύω@vifa1s καλός@b μόνος@anams- εἰμί@vnpa-- σός@anans- ἐθέλω@vppanms ὁ@dans κατόρθωμα@nansc καί@cs πάρειμι2@viia2s ἐπί@p ὁ@dans βῆμα@nansc μετά@p ὁ@dgms τέως@dgms συνάρξω@vppagms σύνειμι2@viia3s δέ@b ὁπλίτης@nnmsc δῆμος@nnmsc στίλβω@vppanms ὁ@ddnp ὅπλον@ndnpc ὁ@danp ξίφος@nanpc γυμνός@ananp- καί@cs ὁ@danp δόρυ@nanpc προτείνω@vppanmp δειλός@andns- μέν@b φρικώδης@anans- καί@cs δεινός@anans- θέαμα@nansc εὔψυχος@andns- δέ@cs καί@b θαρσαλέος@andns- καί@cs οἷος@rpnms αὐτός@rpnms γίγνομαι@vira2s ὄφελος@nansc γενναῖος@anans- οὐκοῦν@b ἐπεί@cs πρῶτος@anans- ἄρχω@viam2s ὁ@dgmp λόγος@ngmpc σιγή@nnfsc μέν@b ἐπέχω@viaa3s πρός@p ὁ@dafs ἀκοή@nafsc ὁρμάω@vpregnp πᾶς@angnp- ὁ@dnns στράτευμα@nnnsc δάκρυον@nnnpc δέ@b προχέω@viie3s πολύς@andmp- καί@cs εἰς@p ὁ@dams οὐρανός@namsc ὁ@dafp χείρ@nafpc ὀρέγω@viia3p σιγή@ndfsc καί@cs οὗτος@ananp- δράω@vppanmp ὡς@cs μήτις@b αἰσθάνομαι@vspe3s ὁ@dafs εὔνοια@nafsc δέ@b ὁ@dnmp μέν@b ἐνδείκνυμι@viie3p καί@b διά@p ὁ@dgfs ὄψις@ngfsc πᾶς@annmp- δέ@cs ὁ@ddns σφόδρα@b ὁρμάω@vnre-- ὁ@dgmp λόγος@ngmpc ἀκούω@vnpa-- ἀκμάζω@vppagfs δέ@b ὁ@dgfs δημηγορία@ngfsc συνενθουρέω@vppanmp ὁ@ddms λόγος@ndmsc πᾶς@annmp- ἐπικροτέω@viia3p εἶτα@cs αὖθις@b ἀκούω@vnpa-- ἐπιθυμέω@vppanmp ἡσυχάζω@viia3p τέλος@nansc δέ@b ὑπό@p ὁ@dgmp λόγος@ngmpc ἀναπείθω@vppenmp δέ@b μόνος@anans- καλέω@viia3p βασιλεύς@namsc μόνος@anans- ἄρχω@vnpa-- ἀξιόω@viia3p ἅπας@angmp- ἡγέομαι@vnpm-- σφεῖς@rpgmp κελεύω@viia3p ἐπί@p ὁ@dams πολέμιος@anams- ἀκολουθέω@vnfa-- ὁμολογέω@viia3p ἀπολαμβάνω@vnpa-- ἀξιόω@viia3p ὁ@dgfs ἀρχή@ngfsc ὁ@danp γνώρισμα@nanpc σύ@rpnfs δέ@b οὐ@b δέ@b ὁ@dafs χείρ@nafsc προσάγω@vnpa-- οἴομαι@viie2s δεῖ@vnpa-- οὐ@b δέ@x ἀφαιρέω@vnam-- σύν@p βία@ndfsc ὁ@dnms δέ@b ἀέκων@annms- μέν@b καί@b μόλις@b εἴκω@vpaanms δέ@cs ὅμως@b ὀψέ@b ποτέ@b φημί@vipa3p ὁ@ddfs θεσσαλικός@andfs- πειθανάγκη@ndfsc προσάγω@viia3s σύ@rpdms περιαιρέω@vpamnms ὁ@dafs ἁλουργίς@nafsc"
"Panegyr.Constant._26","οἷος@rpnms τις@rpnms ἐνταῦθα@b γίγνομαι@vira2s τοσοῦτος@angnp- μέν@b ἔθνος@ngnpc καί@b στρατόπεδον@ngnpc καί@cs χρῆμα@ngnpc ἐν@p ἡμέρα@ndfsc εἷς@andfs- γίγνομαι@vpranms κύριος@nnmsc ὁ@dams πολέμιος@anams- δέ@cs εἰ@cs καί@b μή@b ὁ@ddnp ἔργον@ndnpc ἀλλά@cs ὁ@ddfs γνώμη@ndfsc φαίνω@vpapams ὁ@dafs ἀρχή@nafsc ἀφαιρέω@vpamnms καί@cs ὁ@dgns σῶμα@ngnsc κρατέω@vpaanms ἆρα@b ’@b οὐ@b οὗτος@rpdms μέν@b ἀμείνων@anansc καί@cs δίκαιος@anansc προσφέρω@viap2s ἤ1@cs κῦρος@nnmsp ὁ@ddms πάππος@ndmsc ὁ@ddmp περί@p αὐτός@rpams δέ@b ὁ@dafp τιμή@nafpc διαφυλάσσω@vpaanms οὐδείς@rpans οὐδείς@rpgns ἀφαιρέω@vpamnms προστίθημι@vpaanms δέ@cs οἴομαι@vipe1s δωρεά@nafpc πολύς@andmp- τις@rpnms δέ@x σύ@rpams ὁράω@viaa3s ἤ1@cs πρό@p ὁ@dgns κρατέω@vnaa-- σκυθρωπός@anams- λίαν@b ἤ1@cs μετά@p οὗτος@anans- ὑπερχαίρω@vppeams καίτοι@b πῶς@b ἄξιος@annns- ἐπαινέω@vnpa-- εἰμί@vipa3s σύ@rpacs δημηγόρος@namsc ἅμα@b καί@b στρατηγός@namsc ἤ1@b βασιλεύς@namsc χρηστός@anams- καί@cs γενναῖος@anams- ὁπλίτης@namsc προσαγορεύω@vppaamp ὅς@rpnms πάλαι@b μέν@b ἀπορρήγνυμι@vpapans ὁ@dans στρατηγεῖον@nansc ἀπό@p ὁ@dgns βῆμα@ngnsc εἰς@p ὁ@dans αὐτός@rpams πάλιν@b ἐπανάγω@vnaa-- ἀξιόω@viaa2s σχῆμα@nansc μιμέομαι@vppenms οἴομαι@vipe1s ὀδυσσεύς@namsp καί@b νέστωρ@namsp καί@cs ὁ@damp ἐξαιρέω@vpaaamp καρχηδών@nafsp ῥωμαῖος@ngmpp στρατηγός@nampc ὅς@rpnmp φοβερός@anampc ἑαυτοῦ@rpamp ἀπό@p ὁ@dgns βῆμα@ngnsc ὁ@ddmp ἀδικέω@vppadmp ἤ1@cs ὁ@ddmp πολέμιος@ndmpc ἐπί@p ὁ@dgfs παράταξις@ngfsc ἀεί@b καθίστημι@viaa3p δημοσθένης@ngmsp δέ@b καί@cs ὅστις@rpnms οὗτος@rpams ζηλόω@vira3s ὁ@dafs ἐν@p ὁ@ddmp λόγος@ndmpc ἰσχύς@nafsc αἰδέομαι@vppenms ὁ@ddms τρόπος@ndmsc ὁ@dgfs δημηγορία@ngfsc οὔποτε@b ἄν@b ἀξιόω@voaa1s ὁ@ddms σός@andms- παραβάλλω@vnaa-- ὁ@danp ἐκεῖνος@rpgmp θέατρον@nanpc οὐ@b γάρ@b ἐν@p ὁ@ddmp ὁπλίτης@ndmpc δημηγορέω@viia3p οὐ@b δέ@cs ὑπέρ@p τοσοῦτος@rpgnp κινδυνεύω@vppanmp ἀλλά@cs ὑπέρ@p χρῆμα@ngnpc ἤ1@b τιμή@ngfsc ἤ1@cs δόξα@ngfsc ἤ1@cs φίλος@andmp- συνεράω@vnpa-- ἐπαγγέλλω@vpamnmp ἄπειμι2@viia3p οἴομαι@vipe1s πολλάκις@b ἀπό@p ὁ@dgns βῆμα@ngnsc ὁ@dgms δῆμος@ngmsc θορυβέω@vpaagms ὠχρός@annmp- καί@cs τρέμω@vppanmp ὥσπερ@cs ὁ@dnmp δειλός@annmp- ὁ@dgmp πολέμιος@ngmpc ἐν@p ὄψις@ndfsc στρατηγός@nnmpc παρατάσσω@vppenmp καί@b οὐδείς@rpnms ἄν@b εἶπον@vnaa-- ἔχω@vopa3s τοσοῦτος@anans- ἔργον@nansc ἕτερος@andms- πράσσω@vpapans πώποτε@b καί@b τοσοῦτος@angnp- ἔθνος@ngnpc κτῆσις@nafsc ἐκ@p δικαστήριον@ngnsc ἄλλως@b τε@b καί@cs πρός@p ἀνήρ@namsc ὁ@dgfs δίκη@ngfsc εἰμί@vppagfs οὐ@b ὡς@cs ὁ@dnmp πολύς@annmp- φημί@vipa3p εὐκαταφρόνητος@anams- ἀλλά@cs πολύς@andfp- μέν@b στρατεία@ndfpc γνώριμος@anams- πρεσβύτης@namsc δέ@cs ἤδη@b καί@b ὁ@dafs ἐμπειρία@nafsc ἐκ@p ὁ@dgms χρόνος@ngmsc δοκέω@vppaams προσλαμβάνω@vnra-- καί@cs ὁ@dgnp στρατόπεδον@ngnpc ἐκεῖνος@angnp- ἄρχω@vnpa-- λαγχάνω@vpaaams πολύς@anams- ἤδη@b χρόνος@namsc τις@rpncs οὖν@b ὁ@dnfs ῥώμη@nnfsc γίγνομαι@vira3s ὁ@dgmp λόγος@ngmpc τις@rpncs δέ@b ὁ@dnfs πειθώ@nnfsc ὁ@ddnp χεῖλος@ndnpc ἐπίκάθημαι@vprenfs ὁ@dnfs παντοδαπής@angmp- ἄνθρωπος@ngmpc συλλέγω@vpregmp ὁ@dans κέντρον@nansc ἐγκαταλιπάω@vnaa-- ἰσχύω@vpaanfs ὁ@ddfp ψυχή@ndfpc καί@cs νίκη@nafsc παρέχω@vnaa-- ὁ@ddns μέγεθος@ndnsc μέν@b ἐνάμιλλος@anafs- ὁ@ddfp ἐκ@p ὁ@dgnp ὅπλον@ngnpc περιγίγνομαι@vppedfp εὐαγής@anafs- δέ@cs καί@cs καθαρός@anafs- ὥσπερ@b ἱερεύς@ngmsc εἰς@p θεός@ngmsc φοιτάω@vppagms ἀλλά@cs οὐ@b βασιλεύς@ngmsc εἰς@p πόλεμος@namsc ἔργον@nansc γίγνομαι@vpamafs καίτοι@b γε@b μήν@b οὗτος@angfs- εἰκών@nafsc ὁ@dgfs πρᾶξις@ngfsc μακρός@andns- λείπω@vppeafs καί@b πέρσης@nnmpp θρυλέω@vipa3p ὁ@damp δαρεῖος@ngmsp παῖς@nampc ὁ@dgms πατήρ@ngmsc τελευτάω@vpaagms ὑπέρ@p ὁ@dgfs ἀρχή@ngfsc διαφέρω@vppeamp δίκη@ndfsc ὁ@danp κατά@p ἑαυτοῦ@rpamp καί@cs οὐ@b ὁ@ddfs ὁ@dgnp ὅπλον@ngnpc ἐπιτρέπω@vnaa-- κρίσις@ndfsc σύ@rpdms δέ@b πρός@p μέν@b ὁ@damp ἀδελφός@nampc οὐ@b τε@b ἐν@p ὁ@ddmp λόγος@ndmpc οὐ@b τε@cs ἐν@p ὁ@ddnp ἔργον@ndnpc ἀγών@nnmsc γίγνομαι@vira3s οὐ@b δέ@cs εἷς@annms- χαίρω@nnfpc δέ@b οἴομαι@vipe1s ὁ@ddns κοινός@anafs- πρός@p ἐκεῖνος@rpamp εἰμί@vnpa-- σύ@rpdcs ὁ@dafs ἐπιμέλεια@nafsc μᾶλλον@b ἤ1@cs ὁ@ddns μόνος@annms- ἅπας@angnp- γίγνομαι@vnam-- κύριος@annms- πρός@p δέ@b ὁ@dams ἀσεβής@anans- μέν@b ἤ1@cs παράνομος@anans- οὐδείς@rpans ἐργάζομαι@vpreams ἄπιστος@anams- δέ@cs ὁ@ddfs γνώμη@ndfsc φαίνω@vpapams ἐν@p ἔλεγχος2@ndmpc ὅς@rpnmp ὁ@dafs ἀπιστία@nafsc ἐκεῖνος@rpgns δείκνυμι@vifa3p"
"Panegyr.Constant._27","οὗτος@rpafs ἐκδέχομαι@vipe3s στρατεία@nnfsc λαμπρός@annfs- ὁ@dafs δημηγορία@nafsc καί@cs πόλεμος@nnmsc ἱερός@annms- οὐ@b ὑπέρ@p ἱερόν@angns- χωρίον@ngnsc ὁποῖος@anans- ὁ@dams φωκικός@anams- ἀκούω@vipa1p συνίστημι@vnaa-- κατά@p ὁ@damp ἔμπροσθεν@b ἀλλά@cs ὑπέρ@p ὁ@dgmp νόμος@ngmpc καί@b ὁ@dgfs πολιτεία@ngfsc καί@cs φόνος@ngmsc πολίτης@ngmpc μυρίος@angmp- ὅς@rpgmp ὁ@damp μέν@b ἀναιρέω@vila3s ὁ@damp δέ@b μέλλω@viaa3s ὁ@damp δέ@cs ἐπιχειρέω@viaa3s συλλαμβάνω@vnaa-- ὥσπερ@cs οἴομαι@vipe1s δείδω@vpranms μή@cs τις@rpnms αὐτός@rpams πολίτης@namsc μοχθηρός@anams- ἀλλά@cs οὐ@b βάρβαρος@anams- ὑπολαμβάνω@vsaa3s φύσις@ndfsc ὁ@dnnp γάρ@b εἰς@p ὁ@dafs σός@anafs- οἰκία@nafsc ἀδίκημα@nanpc οὐδείς@rpgns εἰμί@vppaanp ὁ@dgnp κοινῇ@b τολμάω@vpapgnp αὐτός@rpdms φαῦλος@annnpc καί@cs ἐλάσσων@angfsc ἀξιόω@vnpa-- οἴομαι@viie2s δεῖ@vnpa-- φροντίς@ngfsc οὕτως@b σύ@rpdms ὁ@dnnp κοινός@annnp- πρό@p ὁ@dgnp ἴδιος@angnp- δοκέω@viaa3s καί@cs δοκέω@vipa3s τίμιος@annnp- πότερον@anans- οὖν@b χρή@vipa3s ὁ@dgnp ἀδίκημα@ngnpc ἅπας@angnp- μιμνήσκω@vnre-- ὅς@rpgnp εἰς@p τε@b ὁ@dans κοινός@anans- καί@cs κατά@p ἴδιος@anafs- δράω@viaa3s κτείνω@vpaanms μέν@b ὁ@dams αὐτός@annms- ἑαυτοῦ@rpgms δεσπότης@namsc ἀνδράποδον@nnnsc γάρ@b εἰμί@viia3s ὁ@dgmp ἐκεῖνος@rpgms πρόγονος@ngmpc ὁ@dgfs ἀπό@p γερμανός@ngmpp λεία@ngfsc λείψανον@nafsc δυστυχής@anans- περισώζω@vppeams ἄρχω@vnpa-- δέ@b ἐγώ@rpgmp ἐπιχειρέω@vppanms ὅς@rpdms μη@b δέ@b ἐλεύθερος@andms- προσήκω@vppanns εἰμί@viia3s νομίζω@vnap-- μή@b οὗτος@rpans παρά@p σύ@rpgmp λαμβάνω@vpaadms καί@b ὡς@cs ὁ@damp ἐπί@p ὁ@dgns στρατόπεδον@ngnsc συνδέω@vppanms καί@b ἀποκτείνω@vppanms καί@b δουλεύω@vppanms αἰσχρός@b ὁ@ddns πλῆθος@ndnsc καί@cs κολακεύω@vppanms ὁ@dafs εὐταξία@nafsc διαφθείρω@viaa3s καί@b ὡς@cs ὁ@damp καλός@anamp- ἐκεῖνος@rpamp τίθημι@viia3s νόμος@nampc ὁ@dafs ἡμίσεια@nafsc εἰσφέρω@vnpa-- θάνατος@namsc ἀπειλή@vppanms ὁ@ddmp ἀπειθέω@vppadmp μηνυτής@nampc δέ@b εἰμί@vnpa-- ὁ@dams βούλομαι@vppeams ὁ@dgmp οἰκέτης@ngmpc καί@b ὅπως@b ἀναγκάζω@viia3s ὁ@damp οὐδείς@rpans δέω2@vppeamp ὁ@danp βασιλικός@ananp- κτῆμα@nanpc πρίαμαι@vnpe-- ἐπιλείπω@vifa3s ἐγώ@rpams ὁ@dans ἐκεῖνος@rpgms διηγέομαι@vppeams ὁ@dnms χρόνος@nnmsc ἀδίκημα@nanpc καί@cs ὁ@dgfs τυραννίς@ngfsc ὁ@dgfs καταλαμβάνω@vpaagfs ὁ@dans μέγεθος@nansc ἀλλά@b ὁ@dgfs παρασκευή@ngfsc ὁ@dgfs εἰς@p ὁ@dams πόλεμος@namsc ὅς@rpafs καταβάλλω@viaa3s μέν@b ἐπί@p ὁ@damp βάρβαρος@nampc χράω2@viam3s δέ@cs ἐπί@p ἐγώ@rpamp ὁ@dafs ἰσχύς@nafsc τις@rpnms ἄν@b ἄξιος@b παρίστημι@voaa3s"
"Panegyr.Constant._28","κελτοί@nnmpp καί@cs γαλάτης@nnmpp ἔθνος@nnnpc καί@b ὁ@ddnp πάλαι@b φαίνω@vpamnnp δυσανταγώνιστος@annnp- πολλάκις@b μέν@b ἐπιρρέω@vpaannp καθά@b χειμάρρους@anafp- ἀνυπόστατος@annms- ἰταλός@ndmpp καί@cs ἰλλύριος@ndmpp ἤδη@b δέ@cs καί@b ὁ@dgfs ἀσία@ngfsp ἅπτω@vpamnnp ὁ@ddns κρατέω@vnpa-- ὁ@ddmp ἔνοπλος@andmp- ἀγών@ndmpc ἀέκων@annmp- ἐγώ@rpdmp ὑπακούω@viaa3p εἰς@p τε@b ὁ@damp κατάλογος@nampc ὁ@dgnp στράτευμα@ngnpc ἐγγράφω@vipe3p καί@cs τέλος@nanpc παρέχω@vipe3p λαμπρός@ananp- παρά@p ὁ@dgmp σός@angmp- πρόγονος@ngmpc καί@cs πατήρ@ngmsc καταλέγω@vpreanp εἰρήνη@ngfsc δέ@b μακρός@angfs- καί@cs ὁ@dgnp ἐκ@p οὗτος@rpgfs ἀγαθός@angnp- ἀπολαύω@vppanmp ἐπιδίδωμι@vppagfs αὐτός@rpdmp ὁ@dgfs χώρα@ngfsc πρός@p πλοῦτος1@namsc καί@cs εὐανδρία@nafsc καί@b ἀδελφός@ndmpc ὁ@ddmp σός@andmp- στρατιώτης@nampc καταλέγω@vnaa-- πολύς@anamp- παρέχω@viam3p τέλος@nansc δέ@cs ὁ@ddms τύραννος@ndmsc βία@ndfsc καί@cs οὐ@b γνώμη@ndfsc πανδημεί@b συστρατεύω@viie3p ἀκολουθέω@viia3p δέ@b αὐτός@rpdms κατά@p ὁ@dans συγγενής@anans- σύμμαχος@nnmpc πρόθυμος@annmps φράγγος@nnmpp καί@cs σάξονες@nnmpp ὁ@dgnp ὑπέρ@p ὁ@dams ῥαίνω@namsp καί@cs περί@p ὁ@dafs ἑσπερία@anafs- θάλασσα@nafsc ἔθνος@ngnpc ὁ@danp μάχιμος@ananps καί@b πόλις@nnfsc πᾶς@annfs- καί@cs φρούριον@nnnsc πρόσοικος@annns- ῥήνος@ndfsp ὁ@dgmp ἐνοικέω@vppagmp φυλακός@ngmpc ἐξερημόω@vpapams προδίδωμι@vile3s μέν@b ἄφυλος@ananp- πᾶς@ananp- ὁ@ddmp βάρβαρος@ndmpc ἐπί@p ἐγώ@rpa-p δέ@cs ἐκπέμπω@viie3s παρασκευάζω@vprenns λαμπρός@b ὁ@dans στράτευμα@nnnsc πᾶς@annfs- δέ@b ἔοικα@vila3s πόλις@nnfsc γαλατικός@annfs- στρατόπεδον@ndnsc παρασκευάζω@vppedms πρός@p πόλεμος@namsc καί@b πᾶς@annnp- εἰμί@viia3s ὅπλον@ngnpc καί@cs παρασκευή@ngfsc ἱππεύς@ngmpc καί@b πεζός@angmp- καί@b τοξότης@ngmpc καί@cs ἀκοντιστής@ngmpc πλήρης@annnp- συρρέω@vppagmp δέ@b εἰς@p ὁ@dafs ἰταλία@nafsp πανταχόθεν@b ὁ@dgmp ἐκεῖνος@rpgms σύμμαχος@ngmpc καί@cs ὁ@ddmp ἐνταῦθα@b πάλαι@b καταλέγω@vpredmp στρατιώτης@ndmpc εἰς@p ὁ@dans αὐτός@rpams ἔρχομαι@vpaagmp οὐδείς@rpnms οὕτως@b φαίνω@viap3s τολμηρός@annms- ὅς@rpnms οὐ@b δείδω@viaa3s οὐ@b δέ@cs ἐκπλήσσω@viap3s ὁ@dams ἔπειμι1@vppaams χειμών@namsc σκηπτός@annms- δοκέω@viia3s πᾶς@andmp- ὁ@dnms φέρω@vppenms ἀπό@p ὁ@dgfp ἄλπεις@ngfpp σκηπτός@annms- ἀφόρητος@annms- ἔργον@ndnsc καί@cs ἄρρητος@annms- λόγος@ndmsc οὗτος@rpams δείδω@viaa3p ἰλλυριοί@nnmpp καί@b παίων@nnmpp καί@b θρᾷξ@nnmpp καί@cs σκύθης@nnmpp οὗτος@rpams ὁ@dnmp ὁ@dafs ἀσία@nafsp οἰκέω@vppanmp ἄνθρωπος@nnmpc ἐπί@p ἑαυτοῦ@rpamp ὁρμάω@vnre-- πάντως@b ὑπολαμβάνω@viaa3p οὗτος@rpdms πολεμέω@vnfa-- ἤδη@b περί@p ὁ@dgfs ἑαυτοῦ@rpgmp καί@cs πέρσης@nnmpp παρασκευάζω@viie3p ὁ@dnms δέ@b μικρός@ananp- μέν@b νομίζω@viia3s εἰμί@vnpa-- ὁ@danp πάρειμι1@vppaanp καί@cs πόνος@namsc οὐ@b πολύς@anams- ὁ@dgfs σός@angfs- σύνεσις@ngfsc καί@cs ῥώμη@ngfsc κρατέω@vnaa-- ὁ@damp ἰνδός@ngmpp δέ@cs σκοπέω@viia3s πλοῦτος@nampc καί@cs πέρσης@ngmpp ὁ@dafs πολυτέλεια@nafsc τοσοῦτος@rpnns αὐτός@rpdms περίειμι1@viia3s ἄνοια@ngfsc καί@cs θράσος@ngnsc ἐκ@p μικρός@angns- παντελής@b περί@p ὁ@damp κατάσκοπος@nampc πλεονέκτημα@ngnsc ὅς@rpamp ἀφύλακτος@anamp- ὅλος@andfs- ὁ@ddfs στρατιά@ndfsc λοχάω@vpaanms ἐκτείνω@viaa3s οὕτως@b ὁ@dnns πράσσω@vnpa-- εὖ@b παρά@p ὁ@dafs ἀξία@anafs- ἀρχή@nnfsc πολλάκις@b γίγνομαι@vira3s ὁ@ddmp ἀνόητος@andmp- μέγας@angfpc συμφορά@ngfpc αἴρω@vpapnms γάρ@b ὁ@dnms δείλαιος@annms- ὑπό@p ὁ@dgfs εὐτυχία@ngfsc οὗτος@angfs- μετέωρος@annms- καταλιμπάνω@viaa3s μέν@b ὁ@danp πρόκειμαι@vppeanp ὁ@dgfs ἰταλία@ngfsp ἐρυμνός@ananp- χωρίον@nanpc εἰς@p νωρικός@nampp δέ@cs καί@cs παίων@nampp ἀφύλακτος@b εἶμι@viia3s δεῖ@vpp-nns ἑαυτοῦ@rpdms τάχος@ngnsc ἀλλά@cs οὐ@b ὅπλον@ngnpc οὐ@b δέ@cs ἀνδρεία@nafpc οἴομαι@vppenms"
"Panegyr.Constant._29","ὅς@rpanp δή@b καταμανθάνω@vpaanms ἐπανάγω@viia2s ἀπό@p ὁ@dgfp δυσχωρία@ngfpc ὁ@dans στράτευμα@nansc ἕπομαι@viie3s δέ@cs ἐκεῖνος@rpnms διώκω@vnpa-- οὐ@b δέ@cs καταστρατηγέω@vnpe-- νομίζω@vpaanms ἕως@cs εἰς@p ὁ@dafs εὐρυχωρία@nafsc ἄμφω@rpnmd καθίστημι@viaa2p ὁ@dgnp πεδίον@ngnpc δέ@b ὁ@dgnp πρό@p ὁ@dgfs μύρση@ngfsp ὁράω@vpapgnp τάσσω@viie3p μέν@b ἐπί@p κέρας@ngnsc ἱππεύς@nnmpc ἑκάτερος@angms- πεζός@annmp- τε@cs τε@cs ἐν@p μέσος@andns- ἔχω@vppanms δέ@b αὐτός@rpnms ὦ@i βασιλεύς@nvmsc ὁ@dams ποταμός@namsc ἐν@p δεξιός@ndfsc ὁ@ddns λαιός@ndnsc ὁ@damp πολέμιος@nampc ὑπερβάλλω@vppenms τρέπω@viam2s μέν@b εὐθύς2@b καί@b διαλύω@viaa2s ὁ@dafs φάλαγξ@nafsc οὐ@b δέ@b ὁ@dafs ἀρχή@nafsc σύγκειμαι@vpreafs ὀρθός@b ἅτε@b ἀνήρ@ngmsc ἄπειρος1@angms- πόλεμος@ngmpc καί@cs στρατηγία@ngfsc αὐτός@rpafs κοσμέω@vpaagms ὁ@dnms δέ@b τέως@b διώκω@vnpa-- ὑπολαμβάνω@vppanms οὐ@b δέ@cs εἰς@p χείρ@nafpc ἀφικνέομαι@vpamnms φεύγω@viia3s καρτερός@b ἐκπλήσσω@vpapnms ὁ@dams κτύπος@namsc ὁ@dgnp ὅπλον@ngnpc οὐ@b δέ@cs ὁ@dams ἐνυάλιος@anams- παιάν@namsc ὁ@dgfp στρατόπεδον@ngnpc ἐπαλαλάζω@vppagmp ἀδεής@b ἀκούω@vppanms διαλύω@vpapgfs δέ@b ὁ@dnmp στρατιώτης@nnmpc ὁ@dgfs τάξις@ngfsc συνίστημι@vppenmp κατά@p λόχος@nampc πάλιν@b ὁ@dams ἀγών@namsc συμβάλλω@viaa3p αἰσχύνω@vppenmp μέν@b ὁράω@vnap-- φεύγω@vppanmp καί@cs ὁ@dans τέως@b ἄπιστος@anans- ἅπας@andmp- ἄνθρωπος@ndmpc ἐπί@p ἑαυτοῦ@rpgmp δείκνυμι@vnaa-- συμβαίνω@vppaans στρατιώτης@namsc κελτός@namsp στρατιώτης@namsc ἐκ@p γαλατίη@ngfsp ὁ@danp νῶτον@nanpc ὁ@ddmp πολέμιος@ndmpc δείκνυμι@vpaaams ὁ@dnmp βάρβαρος@nnmpc δέ@b ὁ@dafs ἐπάνοδος@nafsc ἀπογιγνώσκω@vpranmp εἰ@cs πταίω@voaa3p ἤ1@b κρατέω@vnpa-- ἤ1@cs θνήσκω@vnpa-- δράω@vpaanmp τις@rpans δεινός@anans- ὁ@damp πολέμιος@nampc ἀξιόω@viia3p ὁ@ddmp μέν@b οὖν@b σύν@p ὁ@ddms τύραννος@ndmsc τοσοῦτος@anans- περίειμι1@viia3s θράσος@ngnsc πρός@p ὁ@danp δεινός@ananp- καί@cs ὁ@dgns χωρέω@vnpa-- ὁμόσε@b πολύς@annfs- προθυμία@nnfsc ὁ@dnmp δέ@b ὁ@dgnp ὅλος@angnp- κρατέω@vpaanmp αἰδέομαι@vppenmp μέν@b ἀλλήλων@rpamp καί@cs ὁ@dams βασιλεύς@namsc παροξύνω@vppenmp δέ@cs ὑπό@p ὁ@dgnp πάλαι@b κατόρθωμα@ngnpc καί@cs ὁ@dgnp ἐν@p χείρ@ndfpc λαμπρός@angnp- καί@cs τέως@b ἄπιστος@angnp- ἔργον@ngnpc τέλος@nansc ἄξιος@anans- ὁ@ddmp προυπάρχω@vpredmp ἐπιτίθημι@vnaa-- φιλοτιμέομαι@vppenmp πᾶς@anams- ὑπομένω@vpamams ἡδέως@b πόνος@namsc καί@cs κίνδυνος@namsc ὥσπερ@cs οὖν@b ἄρτι@b ὁ@dgfs παράταξις@ngfsc ἄρχω@vppegfs σύνειμι1@vppanmp πάλιν@b ἔργον@nanpc τόλμα@ngfsc ἀποδείκνυμι@viie3p καί@cs θυμός@ngmsc γενναῖος@ananp- ὁ@dnmp μέν@b ὠθέω@vppenmp περί@p ὁ@ddnp ξίφος@ndnpc ἄλλος@rpnmp δέ@cs λαμβάνω@vppenmp ὁ@dgfp ἀσπίς@ngfpc καί@cs ὁ@dgmp ἱππεύς@ngmpc ὁπόσος@anamp- ἵππος@nnmpc τιτρώσκω@vpapnmp ἀποσείω@viie3p πρός@p ὁ@damp ὁπλίτης@nampc μετασκευάζω@viie3p οὗτος@rpanp δράω@viia3p ὁ@dnmp σύν@p ὁ@ddms τύραννος@ndmsc ὁ@ddmp πεζός@andmp- ἐπιβρίθω@vpaanmp καί@b εἰμί@viia3s ὁ@dnms πόλεμος@nnmsc ἐκ@p ἴσος@angfs- ἕως@cs ὁ@dnmp θωρακοφόρος@annmp- καί@cs ὁ@dnns λοιπός@annns- ὁ@dgmp ἱππεύς@ngmpc πλῆθος@nnnsc ὁ@dnmp μέν@b ἐκ@p τόξον@ngnpc βάλλω@vppanmp ἄλλος@rpnmp δέ@cs ἐπελαύνω@vppanmp ὁ@damp ἵππος@nampc πολύς@anamp- μέν@b κτείνω@viia3p διώκω@viia3p δέ@cs ἅπας@anamp- καρτερός@b τις@rpamp μέν@b πρός@p ὁ@dans πεδίον@nansc ὁρμάω@vpraamp φεύγω@vnpa-- ὅς@rpgmp ὁ@dnfs νύξ@nnfsc ὀλίγος@anamp- ἀποσῴζω@viaa3s μόλις@b ὁ@dans λοιπός@anans- δέ@cs εἰς@p ὁ@dams ποταμός@namsc καταφέρω@viap3s καθά@b βοῦς@ngmpc ἤ1@cs βόσκημα@ngnpc ἀγέλη@nanpc συνελαύνω@vppenmp"
"Panegyr.Constant._30","τοσοῦτος@anans- ἐκεῖνος@annns- ὁ@dnns στράτευμα@nnnsc ὁ@dgfs ὁ@dgms τύραννος@ngmsc δειλία@ngfsc οὐδείς@rpans ἐκεῖνος@rpams ὀνίνημι@vpaanns ἐκ@p ὁ@dgfs ἀνδρεία@ngfsc ὁ@dgfs ἑαυτοῦ@rpgms μάτην@b ἀπολαύω@viaa3s τρόπαιον@namsp δέ@b ἀνίστημι@viaa2s ἐπί@p ὁ@ddfs νίκη@ndfsc ὁ@dgns πατρῷος@angns- λαμπρός@anamsc ὁ@rpnms μέν@x γάρ@x ὁ@damp τέως@b ἄμαχος@anamp- δοκέω@vppaamp ἄγω@vppanms κρατέω@viia3s γέρων@ngmsc δυστυχής@angms- σύ@rpnms δέ@b ἡβάω@vppaafs καί@cs ἀκμάζω@vppaafs οὐ@b ὁ@ddnp κακός@andnp- μόνος@anans- ὅς@rpdnp δράω@viia3s ὁ@ddfs νεότης@ndfsc δέ@cs πλέος@anans- ὁ@dafs τυραννίς@nafsc παρίστημι@vifa1s ὁ@ddnp ὑπό@p σύ@rpgcs παρασκευάζω@vpapdmp στρατόπεδον@ndnpc παρατάσσω@vpamnms τις@rpnms γάρ@b εἶπον@vnaa-- ἔχω@vipa3s ὁ@dgmp πρόσθεν@b αὐτοκράτωρ@angmp- ἱππικός@anafs- δύναμις@nafsc καί@cs σκευή@nafsc ὁ@dgnp ὅπλον@ngnpc τοιοῦτος@anafs- ἐπινοέω@vpaaams καί@cs μιμέομαι@vpamams ὅς@rpdfs πρῶτος@annms- αὐτός@rpnms ἐγγυμνάζω@vpamnms διδάσκαλος@nnmsc γίγνομαι@viam2s ὁ@ddmp ἄλλος@andmp- ὅπλον@ngnpc χρῆσις@ngfsc ἄμαχος@angfs- ὑπέρ@p ὅς@rpgfs εἶπον@vnaa-- τολμάω@vpaanmp πολύς@annmp- ὁ@dgfs ἀξία@ngfsc διαμαρτάνω@viaa3p ὥστε@cs ὅσος@annmp- ὁ@dgmp λόγος@ngmpc ἀκούω@vpaanmp ὕστερος@b εἶδον@vnaa-- εὐτυχέω@viaa3p ὁ@dafp ἀκοή@nafpc σαφής@b ἄπιστος@anafpc γιγνώσκω@viaa3p εἰμί@vnpa-- ὁ@dgnp ὄμμα@ngnpc ἄπειρος1@anans- γάρ@b ἄγω@viia2s ἱππεύς@ngmpc πλῆθος@nansc καθά@b ἀνδριάς@nampc ἐπί@p ὁ@dgmp ἵππος@ngmpc ὀχέω@vppeamp ὅς@rpdmp συναρμόζω@vile3s ὁ@dnnp μέλος@nnnpc κατά@p μίμησις@nafsc ὁ@dgfs ἀνθρώπινος@angfs- φύσις@ngfsc ἀπό@p μέν@b ὁ@dgmp ἄκρον@angmp- καρπός1@ngmpc εἰς@p ὁ@damp ἀγκών@nampc ἐκεῖθεν@b δέ@cs ἐπί@p ὁ@damp ὦμος@nampc καί@cs ὁ@dnms θώραξ@nnmsc ἐκ@p τμῆμα@ngnpc κατά@p ὁ@dans στέρνον@nansc καί@cs ὁ@danp νῶτον@nanpc συναρμόζω@vppenms ὁ@dnns κράνος@nnnsc αὐτός@rpdns πρόσωπον@ndnsc σιδήρεος@anans- ἐπίκειμαι@vppenns ἀνδριάς@ngmsc λαμπρός@angms- καί@cs στίλβω@vppagms παρέχω@vipa3s ὁ@dafs ὄψις@nafsc ἐπεί@cs μη@b δέ@cs κνῆμαι@nnmpc καί@cs μηρός@nnmpc μη@b δέ@cs ἄκρος@annmp- πούς@nnmpc ὁ@dgfs σκευή@ngfsc οὗτος@angfs- ἐρῆμος@annmp- λείπω@vipe3p συναρμόζω@vppegmp δέ@b αὐτός@rpgmp ὁ@ddmp θώραξ@ndmpc διά@p τις@angnp- ἐκ@p κρίκος@ngmsc λεπτός@angms- ποιέω@vpregnp οἱονεί@b ὕφασμα@ngnpc οὐδείς@rpnns ἄν@b ὁράω@voap3s ὁ@dgns σῶμα@ngnsc γυμνός@anans- μέρος@nansc ἅτε@b καί@b ὁ@dgfp χείρ@ngfpc ὁ@ddnp ὕφασμα@ndnpc οὗτος@andnp- σκέπτομαι@vppegfp πρός@p ὁ@dans καί@b κάμπτω@vppedmp ἐπακολουθέω@vnpa-- ὁ@ddmp δάκτυλος@ndmpc οὗτος@rpanp ὁ@dnms λόγος@nnmsc παρίστημι@vnaa-- μέν@b σαφής@b ἐπιθυμέω@vipa3s ἀπολιμπάνω@vppenms δέ@cs θεατής@nampc ὁ@dgnp ὅπλον@ngnpc ὁ@damp μανθάνω@vnaa-- τις@rpans πλέος@anans- ἐθέλω@vppaamp οὐ@b δέ@cs ἀκροατής@nampc ὁ@dgfs ὑπέρ@p αὐτός@rpgmp διήγησις@ngfsc ἀξιόω@vipa3s γίγνομαι@vnam--"
"Panegyr.Constant._31","ἐγώ@rpnmp δέ@b ἐπεί@cs ὁ@dams πρῶτος@anams- πόλεμος@namsc διέρχομαι@vira1p λήγω@vppagfs ἤδη@b ὁ@dgfs ὀπώρα@ngfsc ἆρα@b ἐνταῦθα@b ὁ@dafs διήγησις@nafsc πάλιν@b ἀφίημι@vifa1p ἤ1@b πάντως@b ὁ@dans τέλος@nansc ἀποδίδωμι@vnaa-- ὁ@dgnp ἔργον@ngnpc ὁ@ddmp ποθέω@vppadmp ἄξιος@annns- ἐπιλαμβάνω@viaa3s μέν@b ὁ@dnms χειμών@nnmsc καί@cs παρέχω@viaa3s διαφεύγω@vnaa-- ὁ@dafs τιμωρία@nafsc ὁ@dams τύραννος@namsc κήρυγμα@nnnpc δέ@b εἰμί@viia3s λαμπρός@annnp- καί@cs βασιλικός@angfs- ἄξιος@annnp- μεγαλοψυχία@ngfsc ἄδεια@nnnpc δέ@b πᾶς@andmp- δίδωμι@viie3s ὁ@ddmp τάσσω@vpamdmp μετά@p ὁ@dgms τύραννος@ngmsc πλήν@b εἰ@cs τις@rpnms ἀνόσιος@angmp- ἐκεῖνος@rpdms φόνος@ngmpc κοινωνέω@viia3s ἀπολαμβάνω@viia3p ὁ@dafp οἰκία@nafpc ἅπας@annmp- καί@b ὁ@danp χρῆμα@nanpc καί@cs πατρίς@nafpc ὁ@dnmp μη@b δέ@cs ὁράω@vnfm-- τις@rpans ὁ@dgnp φίλτατος@angnps αὐτός@rpdmp ἐλπίζω@vppanmp ὑποδέχομαι@viie2s ὁ@dans ναυτικόν@nansc ἐκ@p ὁ@dgfs ἰταλία@ngfsp ἐπανέρχομαι@vppeans πολύς@anamp- ἐκεῖθεν@b πολίτης@nampc κατάγω@anams- φεύγω@vppaamp οἴομαι@vipe1s ὁ@dafs ὁ@dgmp τύραννος@ngmpc ὠμότης@nafsc ἐπεί@cs δέ@b ὁ@dnms καιρός@nnmsc καλέω@viia3s στρατεύω@vnpe-- πάλιν@b ἐφίστημι@vila2s δεινός@annms- ὁ@ddms τύραννος@ndmsc ὁ@dnms δέ@b προβάλλω@viie3s ὁ@dafp ἰταλός@ngmpp δυσχωρία@nafpc καί@cs ὁ@ddnp ὄρος@ndnpc ὁ@ddnp ἐκεῖ@b καθά@b θηρίον@nansc ἐναποκρύπτω@vpaanms ὁ@dafp δύναμις@nafpc αὐτός@rpnms οὐ@b δέ@b ὑπαίθριος@annms- τολμάω@viia3s στρατεύω@vnpa-- ἀναλαμβάνω@vpaanms δέ@b ἑαυτοῦ@rpams εἰς@p ὁ@dafs πλησίος@b πόλις@nafsc τρυφάω@vppaafs καί@cs πολυτελής@anafs- ἐν@p πανήγυρις@ndfpc καί@cs τρυφή@ndfpc τρίβω@viia3s ὁ@dams χρόνος@namsc ἀρκέω@vnfa-- μέν@b ἑαυτοῦ@rpdms πρός@p σωτηρία@nafsc ὁ@dgnp ὄρος@ngnpc ὁ@dafs δυσχωρία@nafsc μόνος@anans- οἴομαι@vppenms ἀκόλαστος@annms- δέ@b εἰμί@vppanms φύσις@ndfsc κερδαίνω@vnpa-- οἴομαι@viie3s ὁ@dans χαρίζω@vnpe-- ὁ@ddfp ἐπιθυμία@ndfpc ἐν@p τοσοῦτος@andnp- κακός@andnp- δῆλος@annms- τε@cs εἰμί@viia3s λίαν@b πιστεύω@vpranms ἀσφαλής@b αὐτός@rpdms ὁ@danp πάρειμι1@vppaanp ἔχω@vnpa-- ἀποτειχίζω@vppegfs ἐν@p κύκλος@ndmsc ὁ@dgfs ἰταλία@ngfsp ὁ@ddnp ὄρος@ndnpc πλήν@p ὅσος@anans- ἐκ@p ἥμισυς@ngfsc ὁ@dnfs θάλασσα@nnfsc τεναγώδης@annfp- εἰμί@vppanfs καί@cs ὁ@ddnp αἰγύπτιος@ngmpp ἕλος@ndnpc ἐμφερής@annfs- ἄβατος@nansc καί@cs νήτης@ndfsc στρατός@ndmsc πολέμιος@angmp- ἀνήρ@ngmpc καθίστημι@nafsc ἀλλά@cs ἔοικα@vira3s οὐ@b δέ@cs εἷς@anans- ὁ@dnfs φύσις@nnfsc πρός@p ἀνήρ@ngmsc ἀρετή@nafsc καί@cs σωφροσύνη@nafsc ὁ@ddmp ἀκόλαστος@andmp- καί@cs δειλός@andmp- ἔρυμα@nansc μηχανάομαι@vnam-- πᾶς@ananp- ὑποχωρέω@vnpa-- φρόνησις@ndfsc μετά@p ἀνδρεία@ngfsc ἐπέρχομαι@vppadfs παρασκευάζω@vppanfs πάλαι@b τε@b ἐγώ@rpdcp ἐξευρίσκω@viaa3s ὁ@dafp τέχνη@nafpc διά@p ὅς@rpafs εἰς@p εὐπορία@nafsc ὁ@dgnp τέως@b δοκέω@vpaagnp ἄπορος@angnp- καθίστημι@viaa1p καί@cs ἐπί@p ὁ@dgnp κατά@p ἕκαστος@anans- ἔργον@ngnpc ὁ@dans πολύς@andmp- ἀδύνατος@anans- εἰμί@vnpa-- φαίνω@vppeans ἐπιτελέω@vppenns πρός@p ἀνήρ@ngmsc σώφρων@angms- ὅς@rpans δή@b καί@b τότε@b ὁ@ddnp ἔργον@ndnpc ὦ@i βασιλεύς@nvmsc δείκνυμι@vpaanms εἰκότως@b ἄν@b ἀποδέχομαι@voam2s ὁ@damp ἐπί@p αὐτός@rpdns λόγος@nampc"
"Panegyr.Constant._32","στρατεύω@nnmpp μέν@b γάρ@b αὐτός@rpnms ὑπαίθριος@annms- καί@cs οὗτος@rpanp πλησίος@b πάρειμι@vppagfs πόλις@ngfsc οὐ@b φαῦλος@angfs- ὁ@ddmp στρατεύω@vppedmp δέ@b οὐ@b ἐκ@p ἐπίταγμα@ngnsc ὁ@dnns πονέω@vnpa-- καί@cs κινδυνεύω@vnpa-- ἐκ@p ὅς@rpgnp δέ@cs αὐτός@rpnms δράω@nafpc παρεγγυάω@vppanms ἄτραπος@namsc μέν@b ἐξευρίσκω@viaa2s ἄγνωστος@anams- ὁ@ddmp πᾶς@andmp- πέμπω@vpaanms δέ@b ἀξιόμαχος@anafs- ὁ@dgfs δύναμις@ngfsc ἅπας@angfs- ὁπλίτης@ngmpc μοῖρα@nafsc εἶτα@b ἐπεί@cs σαφής@b γιγνώσκω@viaa2s αὐτός@rpamp ὁ@ddmp πολέμιος@ndmpc ἐφίστημι@vpraamp αὐτός@rpnms ἀναλαμβάνω@vpaanms ἄγω@viia2s ὁ@dans στράτευμα@nansc καί@cs κύκλος@ndmsc περιέχω@vppanms πᾶς@angmp- κρατέω@viaa2s οὗτος@rpnnp δράω@viie3s πρό@p ὁ@dgfs ἠώς@ngfsc ἀγγέλλω@vile3s δέ@b πρό@p μεσημβρία@ngfsc ὁ@ddms τύραννος@ndmsc ἅμιλλα@ndfpc ἱππικός@andfp- καί@cs πανήγυρις@ndfsc πρόσκάθημαι@vpredms καί@cs ὁ@dgnp πάρειμι1@vppagnp οὐδείς@rpans ἐλπίζω@vppadms τις@rpnms μέν@b οὖν@b γίγνομαι@vira3s ἐκ@p τις@rpgns καί@b ποδαπός@anafs- γνώμη@nafsc ἔχω@viia3s ὑπέρ@p ὁ@dgnp πάρειμι1@vppagnp καί@cs ὅπως@cs ἐκλείπω@vpaanms φεύγω@viaa3s ὁ@dafs πόλις@nafsc καί@cs ὁ@dafs ἰταλία@nafsp πᾶς@anafs- ὁ@damp φόνος@nampc καί@cs ὁ@dafp πρόσθεν@b ἀδικία@nafpc ἐκκαθαίρω@vppenms οὐ@b ὁ@dgms πάρειμι1@vppagms ἄν@b εἰμί@vopa3s λόγος@ngmsc διηγέομαι@vnpe-- μέλλω@viia3s δέ@b βραχύς@angfs- ἀνοκωχή@ngfsc τυγχάνω@vpaanms οὐδείς@rpans τις@rpans μείων@anansc ὁ@dgnp ἔμπροσθεν@b δράω@vnfa-- οὕτως@b οὐδείς@rpans πρός@p πονηρία@nafsc ψυχή@ngfsc ἄνθρωπος@nnfsc ἀνόσιος@annms- ἐξευρίσκω@viaa3s καθάρσιος@anans- διά@p ὁ@dgns σῶμα@ngnsc ἀφικνέομαι@vpamnms γάρ@b εἰς@p γαλατίη@nafsp ὁ@dnms χρηστός@annms- οὗτος@annms- καί@cs νόμιμος@annms- ἄρχων@vppanms τοσοῦτος@rpans αὐτός@rpgms γίγνομαι@vira3s χαλεπός@annmsc ὡς@cs εἰ@cs τις@rpnms πρότερος@anans- αὐτός@rpams διαφεύγω@vpaanms λανθάνω@vila3s τιμωρία@ngfsc τρόπος@nnmsc ὠμός@annmss οὗτος@anans- ἐξευρίσκω@vpaanms θέαμα@nansc χαρίζομαι@vpreans ἑαυτοῦ@rpdms ὁ@dafp ὁ@dgmp ἄθλιος@angmp- πολίτης@ngmpc παρέχω@viia3s συμφορά@nafpc ἅρμα@ngnsc ζάω@vppaamp ἐκδέω@vpaanms καί@cs μεθίημι@vpaanms φέρω@vnpe-- ὁ@ddmp ἡνίοχος@ndmpc ἕλκω@vnpa-- ἄν@b κελεύω@viia3s αὐτός@rpnms ἐφίστημι@vpranms καί@cs θεάομαι@vppenms ὁ@danp δράω@vppeanp καί@b τις@andmp- τοιοῦτος@andnp- ἕτερος@andmp- ἑαυτοῦ@rpams ψυχαγωγέω@vppanms ὁ@dams πᾶς@anams- διατελέω@viia3s χρόνος@namsc ἕως@cs αὐτός@rpams καθά@cs ὀλυμπιονίκης@ngfsp περί@p ὁ@ddns τρίτος@andns- πάλαισμα@ndnsc καταβάλλω@vpaanms δίκη@nafsc ἐπιτίθημι@vnaa-- ὁ@dgnp τολμάω@vpregmp ἀξία@anafs- κατάγω@viaa2s ὠθέω@vpaaams διά@p ὁ@dgnp στέρνον@ngnpc ὁ@dans αὐτός@anans- ξίφος@nansc ὅς@rpans πολύς@angmp- πολίτης@ngmpc μιαίνω@viia3s φόνος@ndmsc οὗτος@rpgfs ἐγώ@rpnms ὁ@dgfs νίκη@ngfsc ἀμείνων@anafsc καί@cs δίκαιος@anafsc οὔποτε@b γίγνομαι@vnam-- φημί@vipa1s οὐ@b δέ@cs ἐπί@p ὅς@rpdns μᾶλλον@b ὁ@dnns κοινός@annns- ὁ@dgmp ἄνθρωπος@ngmpc εὐφραίνω@viap3s γένος@nnnsc τοσοῦτος@angfs- ὠμότης@ngfsc καί@cs πικρία@ngfsc ἀφίημι@vpapans ὄντως@b ἐλεύθερος@anans- εὐνομία@ndfsc δέ@cs ἤδη@b γάνυμαι@vppeams ὅς@rpgfs τέως@b ἀπολαύω@vipa1p καί@cs ἀπολαύω@vnaa-- γε@b ἐπί@p πλέος@anans- ὦ@rpdfs πᾶς@annnp- ἀγαθός@annfs- πρόνοια@nnfsc"
"Panegyr.Constant._33","ἐγώ@rpdms δέ@b ποθέω@vppadms μέν@b ἐπεξέρχομαι@vnaa-- ἅπας@andnp- ὁ@ddnp σύ@rpdms πράσσω@vpapdnp ἀπολιμπάνω@vpamdms δέ@cs συγγνώμη@nafsc εἰκότως@b ὦ@i μέγας@anvms- βασιλεύς@nvmsc παρέχω@vifa2s εἰ@cs μή@b τε@b ὁ@dgmp ἀπόστολος@ngmpc ὁ@dgmp ἐπί@p καρχηδών@nafsp μνημονεύω@vopa1s ἀπό@p τε@b αἴγυπτος@ngfsp παρασκευάζω@vpapgmp καί@cs ἐκ@p ἰταλία@ngfsp ἐπί@p αὐτός@rpafs πλέω@vpaagmp μή@b τε@b ὡς@b ὁ@dgnp πυρηναῖος@angnp- ὄρος@ngnpc κρατέω@viaa2s ναῦς@ndfpc ἐκπέμπω@vpaanms ἐπί@p αὐτός@rpanp στράτευμα@nansc μή@b τε@b ὁ@dgnp ἔναγχος@b σύ@rpdms πολλάκις@b πρός@p ὁ@damp βάρβαρος@nampc πράσσω@vpapgnp μή@b τε@cs εἰ@cs τις@rpnns τοιοῦτος@annns- ἕτερος@annns- ὁ@dgnp πάλαι@b γίγνομαι@vpranns λανθάνω@vira3s ὁ@damp πολύς@anamp- ἐπεί@cs καί@b ὁ@dafs ἀντίοχος@ngmsp πόλις@nafsc ἑαυτοῦ@rpafs σύ@rpgms ἐπώνυμος@anafs- ἐπονομάζω@vppaafs ἀκούω@vipa1s πολλάκις@b εἰμί@vipa3s μέν@b γάρ@b διά@p ὁ@dams κτίζω@vpaaams πλουτέω@vipa3s δέ@b ἤδη@b καί@cs πρός@p ἅπας@anafs- εὐπορία@nafsc ἐπιδίδωμι@vira3s διά@p σύ@rpacs λιμήν@nampc εὔορμος@anamp- ὁ@ddmp καταίρω@vppadmp παρέχω@vpaaams τέως@b δέ@b οὐ@b δέ@b παραπλέω@vnpa-- ἀσφαλής@annns- οὐ@b δέ@cs ἀκίνδυνος@annns- δοκέω@viia3s οὕτως@b εἰμί@viia3s πᾶς@annnp- σκόπελος@ngmpc τις@angmp- καί@cs πέτρα@ngfpc ὕφαλος@angfp- ἀνάπλεος@annnp- ὁ@dgfs θάλασσα@ngfsc ὅδε@angfs- πρός@p ὁ@ddfp ἠώς@ndfpc στοά@nafpc δέ@b καί@cs κρήνη@nafpc καί@cs ὅσος@annnp- τοιοῦτος@rpnnp παρά@p ὁ@dgnp ὑπάρχω@vppanms διά@p σύ@rpacs γίγνομαι@vira3s οὐ@b δέ@cs ὀνομάζω@vnpa-- ἄξιος@annns- ὁπόσος@ananp- δέ@b ὁ@ddfs πατρῷος@andfs- πόλις@ndfsc προστίθημι@vira2s τεῖχος@nansc μέν@b αὐτός@rpdfs κύκλος@ndmsc περιβάλλω@vpaanms ἄρχω@vpamans τότε@b ὁ@danp δοκέω@vppaanp δέ@cs οὐ@b ἀσφαλής@b ἔχω@vnpa-- ὁ@dgnp οἰκοδόμημα@ngnpc εἰς@p ἀθάνατος@anafs- ἀσφάλεια@nafsc κατατίθημι@vppanms τις@rpnms ἄν@b ἀπαριθμέω@voae3s ἐπιλείπω@vifa3s ἐγώ@rpams οὗτος@rpgmp ἕκαστος@anams- ὁ@dnms χρόνος@nnmsc διηγέομαι@vppenns"
"Panegyr.Constant._34","σκοπέω@vnpa-- δέ@b ὑπέρ@p ἅπας@angnp- ἄξιος@annns- ἤδη@b ὁ@dgnp ἐρῶ@vpapgnp εἰ@cs μετά@p ἀρετή@ngfsc καί@cs ὁ@dgfs βέλτιστος@angfs- ἕξις@ngfsc ἅπας@annnp- γίγνομαι@vira3s οὗτος@rpdns γάρ@b ἤδη@b καί@b ὁ@dgmp λόγος@ngmpc ἄρχω@vppenms μάλιστα@b προσέχω@vnpa-- ὁ@dams νόος@namsc ἀξιόω@viia1s οὐκοῦν@b ὁ@ddms πατήρ@ndmsc μέν@b εὐσεβής@b καί@cs φιλάνθρωπος@b ὅπως@b προσφέρω@viap2s ὁμονοέω@vppanms δέ@cs πρός@p ὁ@damp ἀδελφός@nampc διατελέω@viaa2s ὁ@dams ἅπας@anams- χρόνος@namsc ἄρχω@vppenms μέν@b πρόθυμος@b συνάρχω@vppanms δέ@b ἐκεῖνος@rpdmp σώφρων@b πάλαι@b τε@b ἐρῶ@vire3s καί@cs νῦν@b ἀξιόω@vmpe3s μνήμη@ngfsc οὗτος@rpans δέ@b ὅστις@rpnms μικρός@angfs- ἀρετή@ngfsc ἔργον@nansc ὑπολαμβάνω@viaa3s ἀλέξανδρος@namsp ὁ@dams φίλιππος@ngmsp καί@cs κῦρος@namsp ὁ@dams καμβύσης@ngmsp σκοπέω@vppanms ἐπαινέω@vmpa3s ὁ@dnms μέν@b γάρ@b μειράκιον@nnnsc ἔτι@b κομιδῇ@b νέος@anans- δῆλος@annms- εἰμί@viia3s ὁ@dgms πατήρ@ngmsc οὐ@b ἀνέχω@vppenms ἄρχω@vppagms ὁ@dnms δέ@cs ἀφαιρέω@viam3s ὁ@dafs ἀρχή@nafsc ὁ@dams πάππος@namsc καί@b οὗτος@rpanp οὐδείς@rpnms εἰμί@vipa3s οὕτως@b ἠλίθιος@annms- ὅστις@rpnms οὐ@b οἴομαι@vipe3s σύ@rpacs μηδείς@rpans ἐκεῖνος@rpgmp μεγαλοψυχία@ndfsc καί@cs ὁ@ddfs πρός@p ὁ@danp καλός@ananp- φιλοτιμία@ndfsc λείπω@vppeams οὕτως@b ἐγκρατής@b καί@cs σώφρων@b ὁ@ddms πατήρ@ndmsc καί@cs ὁ@ddmp ἀδελφός@ndmpc προσφέρω@vnre-- παρέχω@vpaagfs γάρ@b ὁ@dgfs τύχη@ngfsc ὁ@dams καιρός@namsc ἐν@p ὅς@rpdms ὁ@dgfs ἅπας@angmp- ἡγεμονία@ngfsc χρή@viia3s μεταποιέω@vnap-- πρῶτος@annms- ὁρμάω@viap2s πολύς@angmp- ἀπαγορεύω@vppagmp καί@cs πρός@p ὁ@danp ἐναντίος@ananp- συμπείθω@vnpa-- ἐπιχειρέω@vppagmp ῥᾴδιος@ananp- δέ@b καί@b πρός@p ἀσφάλεια@nafsc ὁ@dams ἐν@p χείρ@ndfpc πόλεμος@namsc διοικέω@vpamnms ἐλευθερόω@vnpa-- γιγνώσκω@viaa2s ὁ@dgfs ἀρχή@ngfsc ὁ@danp καταλαμβάνω@vpreanp δίκαιος@anafss μέν@b καί@cs οἷος@anafs- οὔπω@b πρόσθεν@b λαμβάνω@viaa3s πρόφασις@nafsc πόλεμος@nnmsc ὁ@dgfs πρός@p ἐκεῖνος@rpamp ἔχθρα@ngfsc τίθημι@vppenms οὐ@b δέ@b γάρ@b ἐμφύλιος@anams- ἄξιος@annns- προσαγορεύω@vnpa-- ὁ@dams πόλεμος@namsc ὅς@rpgms βάρβαρος@annms- εἰμί@viia3s ἡγεμών@nnmsc ἑαυτοῦ@rpams ἀναγορεύω@vpaanms βασιλεύς@namsc καί@cs χειροτονέω@vpaanms στρατηγός@namsc ὁ@dgnp ἀδίκημα@ngnpc δέ@b ὁ@dgnp ἐκεῖνος@rpgms καί@cs ὅς@rpgnp δράω@viaa3s εἰς@p οἰκία@nafsc ὁ@dafs σός@anafs- οὐ@b ἡδύς@annns- ἐγώ@vopa3s πολλάκις@b μιμνήσκω@vnre-- ἀνδρεῖος@anafsc δέ@b ὅδε@rpgfs ὁ@dgfs πρᾶξις@ngfsc τις@rpnms ἄν@b εἶπον@vnaa-- ἔχω@vopa3s ἐπί@p ὅς@rpgfs δῆλος@annms- μέν@b εἰμί@viia3s ἀποτυγχάνω@vpaadms ὁ@dgnp ἔργον@ngnpc ὁ@dnms κίνδυνος@nnmsc ὑπομένω@viia2s δέ@b οὐδείς@rpans κέρδος@ngnsc χάρις@p οὐ@b δέ@cs κλέος@nansc ἀείμνηστος@anans- ἀντωνέομαι@vppenms ὑπέρ@p ὅς@rpgns καί@b ἀποθνήσκω@vnpa-- ἀνήρ@nnmpc ἀγαθός@annmp- πολλάκις@b τολμάω@vipa3p οἷος@anans- πρός@p ἀργύριον@nansc ὁ@dafs δόξα@nafsc ὁ@dafp ψυχή@nafpc ἀποδίδωμι@vppenmp οὐ@b δέ@cs μήν@b διά@p ἐπιθυμία@nafsc ἀρχή@ngfsc μέγας@angfsc καί@cs λαμπρός@angfsc ὅτι@cs μη@b δέ@b νέος@andms- σύ@rpdms οὗτος@rpgnp ἐπιθυμέω@vnaa-- συμβαίνω@viaa3s ἀλλά@cs αὐτός@anans- ὁ@dans καλός@anans- στέργω@vppanms ὁ@dgfs πρᾶξις@ngfsc πᾶς@ananp- ὑπομένω@vnpa-- οἴομαι@viie2s δεῖ@vnpa-- πρίν@cs εἶδον@vnaa-- ῥωμαῖος@ngmpp βάρβαρος@anams- βασιλεύω@vppaams καί@b νόμος@ngmpc κύριος@namsc καί@b πολιτεία@ngfsc καθεστῶτα@vpraams καί@cs ὁ@dafp ὑπέρ@p ὁ@dgnp κοινός@angnp- εὐχή@nafpc ποιέω@vppeams ὁ@dams τοσοῦτος@andnp- ἀσέβημα@ndnpc ἔνοχος@namsc καί@cs φόνος@ndmpc"
"Panegyr.Constant._35","ὁ@dgfs παρασκευή@ngfsc δέ@b αὐτός@angfs- ὁ@dnfs λαμπρότης@nnfsc καί@cs ὁ@dgnp ἀνάλωμα@ngnpc ὁ@dnns μέγεθος@nnnsc τις@rpams οὐ@b ἱκανός@annns- ἐκπλήσσω@vnaa-- καίτοι@b ξέρξης@namsp μέν@b ἀκούω@vipa1s ὁ@dams ὁ@dafs ἀσία@anafs- ἐπί@p ὁ@damp ἕλλην@nampp ἐξανίστημι@vpaaams χρόνος@namsc ἔτος@ngnpc οὐ@b ἐλάσσων@ananpc δέκα@an---- πρός@p ὁ@dams πόλεμος@namsc ἐκεῖνος@rpams παρασκευάζω@vnpe-- εἶτα@cs ἐπάγω@vnaa-- πρός@p ὁ@ddfp χίλιοι@andfp- τριήρης@ndfpc διακόσιοι@anafp- ἐκ@p οὗτος@angnp- αὐτός@angnp- οἴομαι@vipe1s ὁ@dgnp χωρίον@ngnpc ἐκ@p ὅς@rpgnp αὐτός@rpnms ἐν@p οὐ@b δέ@b ὅλος@andmp- μείς@ndmpc δέκα@an---- ναυπηγέω@vpamnms ἀγείρω@viaa2s ὁ@dams στόλος@namsc πλῆθος@ndnsc ναῦς@ngfpc ἐκεῖνος@rpams ὑπερβάλλω@vppenms ὁ@ddfs τύχη@ndfsc δέ@b οὐ@b δέ@b ἄξιος@annns- συμβάλλω@vnaa-- οὐ@b δέ@cs ὁ@ddnp ἔργον@ndnpc ὁ@dafs δέ@b εἰς@p ὁ@danp λοιπός@ananp- δαπάνημα@nanpc μεγαλοπρέπεια@nafsc μή@b πολύς@anans- λίαν@b ἔργον@nansc εἰμί@vspa3s φράζω@vnpa-- οὐ@b δέ@cs ὁπόσος@rpanp ὁ@ddfp πόλις@ndfpc πάλαι@b στέρομαι@vppedfp ἀποδίδωμι@viia2s ἀπαριθμέω@vppenms ἐνοχλέω@vifa1s ὁ@danp νῦν@b πλουτέω@vipa3p μέν@b γάρ@b ἅπας@annfp- διά@p σύ@rpacs ἐπί@p ὁ@dgnp ἔμπροσθεν@b ἐνδεής@annfp- εἰμί@vppanfp καί@cs ὁ@dgnp ἀναγκαῖος@angnp- ἐπιδίδωμι@vipa3s δέ@cs ὁ@dgmp ἴδιος@angmp- ἕκαστος@annms- οἶκος@ngmpc διά@p ὁ@dafp κοινός@anafp- ὁ@dgfp πόλις@ngfpc εὐθηνία@nafpc ἀλλά@b ὁ@dgnp εἰς@p ὁ@damp ἰδιώτης@nampc ἄξιος@anans- δωρεά@ngfpc μιμνήσκω@vnre-- ἐλευθέρια@anams- σύ@rpams καί@cs μεγαλόδωρος@anams- βασιλεύς@namsc προσαγορεύω@vppaams ὅς@rpnms πολύς@andmp- μέν@b στέρομαι@vppedmp πάλαι@b ὁ@dgnp ἑαυτοῦ@rpgmp κτῆμα@ngnpc ὁ@dgms πατρῷος@angms- κλῆρος@ngmsc συμφορά@ndfsc περιπίπτω@vpragms ἐν@p δίκη@ndfsc καί@cs παρά@p δίκη@nafsc ἐπεί@cs πρῶτος@anans- γίγνομαι@viam2s κύριος@nnmsc ὁ@ddmp μέν@b καθά@b δικαστής@nnmsc ἀγαθός@annms- ὁ@danp ὁ@dgnp ἔμπροσθεν@b ἁμάρτημα@nanpc διορθωσάω@vpaenms κύριος@nampc εἰμί@vnpa-- ὁ@dgfs ἑαυτοῦ@rpgmp οὐσία@ngfsc παρέχω@viaa2s ὁ@ddmp δέ@cs ἐπιεικής@annms- κριτής@nnmsc γίγνομαι@vpamnms οὗτος@rpanp μέν@b ὅς@rpgnp ἀφαιρέω@vile3p πάλιν@b χαρίζω@vifa1s ἀρκέω@vnpa-- οἴομαι@vppenms ὁ@dans μῆκος@nansc ὁ@dgms χρόνος@ngmsc πρός@p τιμωρία@nafsc ὁ@ddmp πάσχω@vpaadmp ὅσος@ananp- δέ@b αὐτός@rpnms οἴκοθεν@b χαρίζομαι@vppenms πλούσιος@anampc ἀποφαίνω@viaa2s πολύς@anamp- ὁ@dgmp πάλαι@b δοκέω@vpaagmp ἐπί@p ὁ@ddfs ὁ@dgnp χρῆμα@ngnpc εὐπορία@nnfpc σεμνύνω@vnpe-- τίς@rpans χρή@vipa3s νῦν@b ὑπομιμνήσκω@vppaams περί@p μικρός@ananp- διατρίβω@vnpa-- δοκέω@vnpa-- ἄλλως@b τε@b καί@cs πᾶς@andmp- εἰμί@vppagns καταφανής@angns- ὅτι@cs μηδείς@rpnms πώποτε@b πλήν@p ἀλέξανδρος@ngmsp ὁ@dgms φίλιππος@ngmsp τοσοῦτος@rpanp βασιλεύς@nnmsc ὁ@ddmp ἑαυτοῦ@rpgms φίλος@ndmpc διανέμω@vppanms ὁράω@viap3s ἀλλά@b ὁ@ddmp μέν@b ὁ@dnms ὁ@dgmp φίλος@nnmsc πλοῦτος@nnmsc ὁ@dgfs ὁ@dgmp πολέμιος@ngmpc ῥώμη@ngfsc ὕποπτος@annms- φαίνω@viap3s μᾶλλον@b καί@cs φοβερός@annmsc ἄλλος@rpnmp δέ@cs ὁ@dafs ὁ@dgmp ἄρχω@vppegmp εὐγένεια@nafsc ὑπειδόμην@vpamnmp πᾶς@anams- τρόπος@namsc ὁ@damp εὖ@b γίγνομαι@vpraamp προπηλακίζω@vppanmp ἤ1@cs καί@b ἀναιρέω@vppanmp ἄρδην@b ὁ@dafp οἰκία@anafp- κοινῇ@b μέν@b ὁ@ddfp πόλις@ndfpc συμφορά@ngfpc ἴδιος@andfs- δέ@cs ἑαυτοῦ@rpdmp ἀνόσιος@angnp- ἔργον@ngnpc αἴτιος@annmps καθίστημι@viaa3p οὐ@b ἀπέχω@viam3p δέ@b ἤδη@b τις@rpnmp ὁ@ddnp ὁ@dgns σῶμα@ngnsc ἀγαθός@andnp- ὑγίεια@ndfsc φημί@vipa1s καί@b κάλλος@ndnsc καί@cs εὐκαιρία@ndfsc βασκαίνω@vppanmp ψυχή@ngfsc τε@b ἀρετή@nafsc ἐν@p τις@rpdms ὁ@dgmp πολίτης@ngmpc γίγνομαι@vpamafs οὐ@b δέ@cs ἀκούω@vnpa-- ὑπομένω@viia3p ἀλλά@cs εἰμί@viia3s ἀδίκημα@nnnsc οὗτος@rpnns καθά@cs ἀνδροφονία@nnfsc καί@b κλοπή@nnfsc καί@cs προδοσία@nnfsc ὁ@dnns δοκέω@vnpa-- ἀρετή@ngfsc μεταποιέω@vnap-- καί@b οὗτος@rpanp τυγχάνω@vpaaans ἀληθής@b οὐ@b βασιλεύς@ngmpc φημί@vifa3s τις@rpnms πονηρός@angmp- δέ@cs καί@cs ἀνελεύθερος@angmp- τύραννος@ngmpc ἔργον@nnnpc καί@cs πρᾶξις@nnfpc ἐκεῖνος@anans- δέ@b ἤδη@b ὁ@dans πάθος@nnnsc οὐ@b ὁ@dgmp ἀνόητος@angmp- μόνος@anans- ἀλλά@cs τις@angmp- ἐπιεικής@angmp- καί@cs πρᾶος@angmp- ἀνήρ@ngmpc ἅπτω@vpamnns ὁ@dnns ὁ@ddmp φίλος@andmp- ἄχθομαι@vnpe-- πλέος@anansc ἔχω@vppadmp καί@b πολλάκις@b ἐλασσόω@vnpa-- ἐθέλω@vnpa-- καί@cs ὁ@dgmp προσήκω@vppagnp αὐτός@rpamp ἀφαιρέω@vnpe-- τις@rpnms ἐπί@p σύ@rpgms λέγω3@vnpa-- τολμάω@viaa3s"
"Panegyr.Constant._36","οὗτος@rpans καί@b κῦρος@namsp φημί@vipa3p ὁ@dams πέρσης@namsp γάμβρος@namsc εἰμί@vppaams βασιλεύς@ngmsc παρά@p ὁ@dgms κηδεστής@ngmsc πάσχω@vnaa-- ἄχθομαι@vppegms ὁ@ddfs παρά@p ὁ@dgns πλῆθος@ngnsc εἰς@p ὁ@dams ἀνήρ@namsc τιμή@ndfsc καί@cs ἀγησίλαος@nnmsp δέ@cs δῆλος@annms- εἰμί@viia3s ἄχθομαι@vppenms τιμάω@vppedms παρά@p ὁ@ddmp ἴωνες@ndmpp λύσανδρος@ndmsp οὗτος@rpamp οὖν@b πᾶς@anamp- ὑπερβάλλω@vppenms ἀρετή@ndfsc ὁ@ddmp πλουτέω@vppadmp μέν@b ὁ@dans πλουτέω@vnpa-- ἀσφαλής@anansc ἤ1@cs πατήρ@nnmsc ὁ@ddmp ἑαυτοῦ@rpgms παῖς@ndmpc καθίστημι@viaa2s εὐγένεια@ngfsc δέ@cs ὁ@dgfs ὁ@dgmp ὑπήκοος@angmp- προνοέω@vipa2s καθά@cs ἅπας@angfs- πόλις@ngfsc οἰκιστής@nnmsc καί@cs νομοθέτης@nnmsc καί@b ὁ@ddnp ἐκ@p ὁ@dgfs τύχη@ngfsc ἀγαθός@andnp- πολύς@ananp- μέν@b προστίθημι@vppenms πολύς@ananp- δέ@cs καί@b αὐτός@rpnms ἐκ@p ἀρχή@ngfsc χαρίζομαι@vppenms δῆλος@annms- εἰμί@vipa2s ὁ@ddns μέγεθος@ndnsc μέν@b ὁ@dafp παρά@p ὁ@dgmp βασιλεύς@ngmpc δωρεά@nafpc ὑπερβάλλω@vppenms ὁ@ddfs βεβαιότης@ndfsc δέ@cs ὁ@dgnp ἅπαξ@b δίδωμι@vpapgnp ὁ@dafp παρά@p ὁ@dgmp δῆμος@ngmpc χάρις@nafpc ἀποκρύπτω@vppenms οὗτος@rpnns δέ@b οἴομαι@vipe1s καί@b μάλα@b εἰκότως@b συμβαίνω@vipa3s ὁ@dnmp μέν@b γάρ@b ἐπί@p ὅς@andnp- σύνοιδα@vira3p ἑαυτοῦ@rpdmp ἀπολείπω@vpapdnp ἀγαθός@andnp- ὁ@ddnp κτάομαι@vprednp βασκαίνω@vipa3p ὅστις@rpdms δέ@cs ὁ@dnnp μέν@b ἐκ@p ὁ@dgfs τύχη@ngfsc εἰμί@vipa3s λαμπρός@annnp- καί@cs οἷος@annnp- οὐδείς@rpdms ὁ@dgmp ἄλλος@rpgmp ὁ@dnnp δέ@cs ἐκ@p ὁ@dgfs προαίρεσις@ngfsc ὁ@dgnp ἐκ@p ὁ@dgfs τύχη@ngfsc μακρός@andns- σεμνός@annnpc οὐ@b εἰμί@vipa3s ὅστις@rpgns δέω2@vppenms ὁ@ddms κτάομαι@vpredms φθονέω@voaa3s ὅς@rpans δή@b καί@b σεαυτοῦ@rpdms μάλιστα@b πᾶς@angmp- ὑπάρχω@vnpa-- γιγνώσκω@vpranms χαίρω@vipa2s μέν@b ἐπί@p ὁ@ddnp ὁ@dgnp ἄλλος@rpgnp ἀγαθός@andnp- εὐφραίνω@vipa3s δέ@cs σύ@rpams ὁ@dnnp ὁ@dgmp ὑπήκοος@angmp- κατόρθωμα@nnnpc καί@b τιμή@nafpc ἐπί@p αὐτός@rpdnp ὁ@dafp μέν@b χαρίζω@viam2s ὁ@dafp δέ@b ἤδη@b μέλλω@vipa2s ὑπέρ@p δέ@cs ἔνιοι@angnp- βουλεύω@vipe2s καί@cs οὐ@b ἀποχράω@vipa3s σύ@rpdms πόλις@ngfsc εἷς@angfs- οὐ@b δέ@cs ἔθνος@ngnsc εἷς@angns- οὐ@b δέ@cs πολύς@angnp- ὁμοῦ@b ὁ@ddmp φίλος@andmp- ἀρχή@nafpc καί@cs ὁ@dafp ἐπί@p αὐτός@rpdfp τιμή@nafpc διανέμω@vnpa-- ἀλλά@b εἰ@cs μή@b καί@b βασίλεια@ngfsc αἱρέω@voam2s κοινωνός@namsc ὑπέρ@p ὅς@rpgfs τοσοῦτος@anams- ὑπομένω@vpaanms πόνος@namsc ὁ@dans ὁ@dgmp τύραννος@ngmpc γένος@nansc ἀναιρέω@vira2s οὐδείς@anans- ἄξιος@anans- ὁ@dgnp σεαυτοῦ@rpgms κατόρθωμα@ngnpc ἔργον@nansc ὑπολαμβάνω@viaa2s καί@b ὅτι@cs μή@b χρεία@ndfsc μᾶλλον@b ἤ1@cs ὁ@ddns χαίρω@vnpa-- πᾶς@ananp- δωρέω@vppenms ἐπί@p οὗτος@anafs- ὁρμάω@viaa2s ὁ@dafs γνώμη@nafsc ἅπας@andmp- οἴομαι@vipe1s γνώριμος@annns- γίγνομαι@vira3s ὁ@dgmp μέν@b γάρ@b πρός@p ὁ@damp τύραννος@nampc ἀγών@ngmpc κοινωνός@namsc οὐ@b αἱρέω@viam2s ὁ@dgfs τιμή@ngfsc δέ@cs ὁ@dams οὐ@b μετέχω@vpaaams ὁ@dgmp πόνος@ngmpc ἀξιόω@viaa2s μεταλαμβάνω@vnaa-- μόνος@anans- ὅτε@cs μηδείς@rpnns ἔτι@b φοβερός@annns- δοκέω@viia3s καί@b ὁ@dgfs μέν@b οὐ@b δέ@b ἐπί@p ὀλίγος@anans- ἀφαιρέω@vpaanms δῆλος@annms- εἰμί@vipa2s ὁ@dgmp πόνος@ngmpc δέ@cs οὐ@b δέ@b ἐπί@p μικρός@anans- κοινωνέω@vnpa-- ἀξιόω@vipa2s πλήν@b εἰ@cs πού@b δέω@vopa3s πρός@p ὀλίγος@anans- ἕπομαι@vppeams σύ@rpdms στρατεύω@vnpe-- πότερον@anans- οὖν@b καί@b περί@p οὗτος@angmp- μάρτυς@ngmpc τις@angmp- καί@cs τεκμήριον@ngnpc ὁ@ddms λόγος@ndmsc προσδέω@vipa3s ἤ1@b δῆλος@annns- ἐκ@p ὁ@dgns λέγω3@vppagns ὅτι@cs μή@b ψευδής@anamp- ἐπεισάγω@vipa3s λόγος@nampc"
"Panegyr.Constant._37","ἀλλά@b ὑπέρ@p μέν@b οὗτος@rpgnp οὐδείς@rpans ἔτι@b πλέος@annnsc ἄξιος@annns- ἐμφιλοχωρέω@vnpa-- σωφροσύνη@ngfsp δέ@b ὑπέρ@p ὁ@dgfs σός@angfs- καί@cs φρόνησις@ngfsc καί@cs ὅσος@anafs- εὔνοια@nafsc ὁ@ddmp ὑπήκοος@andmp- ἐνεργάζομαι@viam2s βραχύς@ananp- διέρχομαι@vnaa-- ἴσως@b οὐ@b ἄτοπος@annns- τις@rpnms γάρ@b σύ@rpams ἀγνοέω@vipa3s ὁ@dgmp ἅπας@angmp- τοσοῦτος@anafs- ἐκ@p παῖς@ngcpc ὁ@dgfs ἀρετή@ngfsc οὗτος@angfs- ἐπιμέλεια@nafsc ἔχω@vpraams ὅσος@anafs- οὐδείς@rpnms ἄλλος@annms- ὁ@dgmp ἔμπροσθεν@b καί@b ὁ@dgfs μέν@b ἐν@p παῖς@ndmpc σωφροσύνη@ngfsc μάρτυς@nnmsc ὁ@dnms πατήρ@nnmsc γίγνομαι@vira3s ἀξιόχρεως@b σύ@rpdms ὁ@danp περί@p ὁ@dafs ἀρχή@nafsc καί@cs ὁ@danp πρός@p ὁ@damp ἀδελφός@nampc διοικέω@vnpa-- ἐπιτρέπω@vpaanms μόνος@andms- εἰμί@vppadms γε@b οὐ@b δέ@cs πρέσβυς@andmss ὁ@dgmp ἐκεῖνος@rpgms παῖς@ngmpc ὁ@dgfs δέ@b ἐν@p ἀνήρ@ndmpc ἅπας@annmp- αἰσθάνομαι@vipm1p καθά@b πολίτης@ngmsc ὁ@ddmp νόμος@ndmpc ὑπακούω@vppagms ἀλλά@cs οὐ@b βασιλεύς@ngmsc ὁ@dgmp νόμος@ngmpc ἄρχω@vppagms ἀεί@b σύ@rpgms προσφέρω@vppegms ὁ@ddns πλῆθος@ndnsc καί@cs ὁ@ddnp ἐν@p τέλος@ndnsc τις@rpnms γάρ@x σύ@rpams γιγνώσκω@viaa3s μέγας@anansc ὑπό@p ὁ@dgfs εὐτυχία@ngfsc φρονέω@vpaaams τις@rpnms δέ@b ἐπαίρω@vpapams ὁ@ddnp κατόρθωμα@ndnpc τοσοῦτος@andnp- καί@cs τηλικοῦτος@andnp- ἐν@p βραχύς@andms- χρόνος@ndmsc γίγνομαι@vpamdmp ἀλλά@b ὁ@dams φίλιππος@ngmsp φημί@vipa3p ἀλέξανδρος@namsp ἐπεί@cs ὁ@dafs πέρσης@ngmpp καθαιρέω@viaa3s δύναμις@nafsc οὐ@b μόνος@anans- ὁ@dafs ἄλλος@anafs- δίαιτα@nafsc πρός@p ὄγκος@namsc μέγας@anamsc καί@cs λίαν@b ἐπαχθής@ananp- ὁ@ddmp πᾶς@andmp- ὑπεροψία@nafsc μεταβάλλω@vnaa-- ἀλλά@cs ἤδη@b καί@b ὁ@dgms φύω@vpaagms ὑπεροράω@vnpa-- καί@cs ὁ@dgfs ἀνθρώπινος@angfs- ἅπας@angfs- φύσις@ngfsc ἀξιόω@viia3s γάρ@b υἱός@nnmsc ἄμμων@ngmsp ἀλλά@cs οὐ@b φίλιππος@ngmsp νομίζω@vnpe-- καί@cs ὁ@dgmp συστρατεύω@vpamgmp ὅσος@annmp- μή@b κολακεύω@vnpa-- μη@b δέ@cs δουλεύω@vnpa-- ἐπίσταμαι@viie3p ὁ@dgmp ἁλίσκομαι@vpragmp πικρός@anansc κολάζω@viie3p ἀλλά@b σύ@rpgms γε@b ὁ@dgfs εἰς@p ὁ@dams πατήρ@namsc τιμή@ngfsc ἆρα@b ἄξιος@annns- ἐνταῦθα@b μιμνήσκω@vnre-- ὅς@rpams οὐ@b ἴδιος@andfs- μόνος@b σέβομαι@vppenms ἀεί@b δέ@cs ἐν@p ὁ@ddmp κοινός@andmp- σύλλογος@ndmpc διατελέω@viia2s ἀνακηρύσσω@vppanms καθά@cs ἀγαθός@anams- ἥρως@namsc ὁ@dgmp φίλος@ngmpc δέ@b ἀξιόω@vopa1p γάρ@b αὐτός@rpamp οὐ@b ἄχρι@p ὄνομα@ngnsc μόνος@anans- ὁ@dgfs τιμή@ngfsc πολύς@anans- δέ@cs πλέος@anansc διά@p ὁ@dgnp πρᾶγμα@ngnpc βεβαιόω@vopa2s ἐπί@p αὐτός@rpgmp ὁ@dans ὄνομα@nansc εἰμί@vipa3s οὖν@b ἄρα@b τις@rpncs ὁ@dnms μέμφομαι@vppenms ἀτιμία@nafsc ἤ1@cs ζημία@nafsc ἤ1@cs βλάβη@nafsc ἤ@cs τις@rpacs μικρός@anafs- ὑπεροψία@nafsc ἤ1@cs μέγας@anafsc ἀλλά@b οὐ@b ἄν@b οὐδαμῶς@b εἶπον@vnaa-- ἔχω@vopa3s τοιοῦτος@anans- οὐδείς@rpans οὗτος@rpgmp γάρ@b ὁ@dnmp μέν@b γηραιός@nnmpc σφόδρα@b ὁ@ddfp ἀρχή@ndfpc εἰς@p ὁ@dafs μείρομαι@vpreafs τελευτή@nafsc ὁ@dgms βίος@ngmsc παραμένω@vpaanmp ὁ@dafp ἐπιμέλεια@nafpc ὁ@dgnp κοινός@angnp- συντίθημι@viam3p ὁ@ddnp σῶμα@ndnpc παῖς@ndmpc ἤ1@b φίλος@andmp- ἤ@cs τις@rpdmp πρός@p γένος@ngnsc ὁ@damp κλῆρος@nampc παραπέμποντες@vppanmp ἄλλος@rpnmp δέ@b πρός@p ὁ@damp πόνος@nampc καί@cs ὁ@dafp στρατεία@nafpc ἀπαγορεύω@vppanmp ἄφεσις@ngfsc ἔντιμος@angfs- τυγχάνω@vpaanmp ζάω@vipa3p ὄλβιος@annmp- τις@rpnmp δέ@b καί@b μεταλλάσσω@viaa3p εὐδαίμων@annmp- παρά@p ὁ@dgns πλῆθος@ngnsc εἰμί@vnpa-- κρίνω@vppenmp ὅλος@b δέ@b οὐ@b εἰμί@vipa3s οὐ@b δέ@b εἷς@annms- ὅς@rpnms ἐπεί@cs οὗτος@angfs- ἀξιόω@viap3s ὁ@dgfs τιμή@ngfsc εἰ@cs καί@b μοχθηρός@annms- ὕστερος@b φαίνω@viap3s τιμωρία@ngfsc τυγχάνω@viaa3s μικρός@angfs- ἤ1@cs μέγας@angfsc ἀρκέω@viaa3s δέ@b αὐτός@rpams ἀπαλλάσσω@vnre-- μόνος@anans- καί@cs μηδείς@rpans ἐνοχλέω@vnpa-- ἔτι@b"
"Panegyr.Constant._38","ἐν@p δέ@b οὗτος@rpdnp ἅπας@andnp- εἰμί@vppanms καί@cs γίγνομαι@vpranms τοιοῦτος@rpnms ἐκ@p ἀρχή@ngfsc ἡδονή@ngfsc ἅπας@angfs- ὅς@rpdfs πρόσειμι@vipa3s ὄνειδος@nnnsc καί@cs μικρός@annns- καθαρός@anafs- ὁ@dafs ψυχή@nafsc διαφυλάσσω@vpaanms μόνος@anams- δέ@b οἴομαι@vipe1s σύ@rpacs ὁ@dgmp πρόσθεν@b αὐτοκράτωρ@angmp- σχεδόν@b δέ@b πλήν@p σφόδρα@b ὀλίγος@angmp- καί@cs πᾶς@angmp- ἄνθρωπος@ngmpc οὐ@b ἀνήρ@ndmpc μόνος@anans- παράδειγμα@nansc πρός@p σωφροσύνη@nafsc παρέχω@vnaa-- καλός@ananss καί@cs γυνή@ndfpc δέ@cs ὁ@dgfs πρός@p ὁ@damp ἀνήρ@nampc κοινωνία@ngfsc ὅσος@ananp- γάρ@b ἐκεῖνος@rpdfp ἀπαγορεύω@vipa3p ὁ@dnmp νόμος@nnmpc ὁ@dgns γνήσιος@anamp- φύω@vnpe-- ὁ@damp παῖς@nampc ἐπιμελέομαι@vppenmp οὗτος@rpanp ὁ@dnms λόγος@nnmsc ἀπαγορεύω@vipa3s ὁ@ddfp ἐπιθυμία@ndfpc παρά@p σύ@rpdms ἀλλά@b ὑπέρ@p μέν@b οὗτος@rpgnp ἔχω@vppanms ἔτι@b πλείων@ananpc λέγω3@vnpa-- ἀφίημι@vipa1s ὁ@dgfs φρόνησις@ngfsc δέ@b ἄξιος@anams- μέν@b ἔπαινος@namsc διέρχομαι@vnaa-- οὐδαμῶς@b εὐχερής@annns- μικρός@ananp- δέ@b ὅμως@b καί@cs ὑπέρ@p οὗτος@rpgfs ῥητέος@annns- εἰμί@vipa3s δέ@b ὁ@dnnp μέν@b ἔργον@nnnpc ὁ@dgmp λόγος@ngmpc οἴομαι@vipe1s πιστός2@annnpc οὐ@b γάρ@b εἰμί@vipa3s ἔοικα@vpranns τοσοῦτος@anafs- ἀρχή@nafsc καί@cs δύναμις@nafsc μή@b παρά@p ὁ@dgfs ἴσος@angfs- διοικέω@vppeafs καί@cs κρατέω@vppeafs φρόνησις@ngfsc πρός@p τοσοῦτος@anans- μέγεθος@nansc ἀφικνέομαι@vnam-- καί@cs κάλλος@nansc πρᾶξις@ngfpc ἀγαπητός@annns- δέ@b εἰ@cs καί@b ὁ@ddfs τύχη@ndfsc μόνος@b δίχα@p φρόνησις@ngfsc ἐπιτρέπω@vppenfs ἐπί@p πολύς@anans- μένω@vipa3s ἀνθέω@vnaa-- μέν@b γάρ@b ὁ@ddfs τύχη@ndfsc προσέχω@vpaaams πρός@p βραχύς@anans- ῥᾴδιος@annns- διαφυλάσσω@vnaa-- δέ@b ὁ@danp δίδωμι@vpapanp ἀγαθός@ananp- δίχα@p φρόνησις@ngfsc οὐ@b λίαν@b εὔκολος@annns- μᾶλλον@b δέ@cs ἀδύνατος@annns- ἴσως@b ὅλος@b δέ@b εἰ@cs χρή@vipa3s καί@b περί@p οὗτος@rpgnp ἐναργής@anans- φράζω@vnpa-- τεκμήριον@nansc πολύς@angnp- καί@cs γνώριμος@angnp- οὐ@b ἀπορέω@vifa1p ὁ@dafs γάρ@b εὐβουλία@nafsc ὑπολαμβάνω@vipa1p ὁ@dgnp περί@p ὁ@dafp πρᾶξις@nafpc ἀγαθός@angnp- καί@cs συμφέρω@vppagnp ἐξευρίσκω@vnpa-- ὁ@danp κράτιστος@ananps σκοπέω@vnpa-- οὖν@b ἄξιος@annns- ἐπί@p ἅπας@angnp- ἁπλῶς@b εἰ@cs μή@b οὗτος@rpnns εἷς@ εἰμί@vipa3s ὁ@dgnp σύ@rpdcs πράσσω@vpapgnp οὐκοῦν@b ὅπου@b μέν@b εἰμί@viia3s ὁμόνοια@ngfsc χρεία@nnfsc χαίρω@viia2s ἐλασσόω@vppenms ὅπου@b δέ@cs ὁ@ddnp κοινός@andmp- χρή@viia3s βοηθέω@vnpa-- ὁ@dams πόλεμος@namsc ἀναίνομαι@viia3s πρόθυμος@ananps καί@b πέρσης@ngmpp μέν@b ὁ@dafs δύναμις@nafsc καταστρατηγέω@vpaanms οὐδείς@rpams ὁ@dgmp ὁπλίτης@ngmpc ἀποβάλλω@vpaanms διαφθείρω@viaa2s ὁ@dams πρός@p ὁ@damp τύραννος@nampc δέ@cs πόλεμος@namsc διαιρέω@vpaanms ὁ@dgms μέν@b κρατέω@viaa2s ὁ@ddfp δημηγορία@ndfpc καί@cs ὁ@dafs μετά@p ἐκεῖνος@rpgms δύναμις@nafsc ἀκέραιος@anafs- καί@cs κακός@angnp- ἀπαθής@anafs- προσλαμβάνω@vpaanms καταπολεμέω@viaa2s μᾶλλον@b διά@p ὁ@dgfs σύνεσις@ngfsc ἤ1@cs διά@p ὁ@dgfs ῥώμη@ngfsc ὁ@dams τοσοῦτος@rpgmp ὁ@ddmp κοινός@andmp- αἴτιος@anams- συμφορά@ngfpc"
"Panegyr.Constant._39","βούλομαι@vipe1s δέ@b σαφής@anansc περί@p οὗτος@rpgnp εἶπον@vpaanms ἅπας@andmp- δείκνυμι@vnaa-- τις@rpdns μάλιστα@b πιστεύω@vpaanms τοσοῦτος@andnp- σεαυτοῦ@rpams ἐπιδίδωμι@vpaanms πρᾶγμα@ndnpc οὐδείς@rpgns ὅλος@b διαμαρτάνω@viaa2s εὔνοια@nafsc οἴομαι@vipe2s δεῖ@vnpa-- παρά@p ὁ@dgmp ὑπήκοος@angmp- ὑπάρχω@vnpa-- ὁ@ddms βασιλεύω@vppadms ἔρυμα@ngnpc ἀσφαλής@ananss οὗτος@rpafs δέ@b ἐπιτάσσω@vppaams μέν@b καί@cs κελεύω@vppaams καθά@cs εἰσφορά@nafpc καί@cs φόρος@nampc κτάομαι@vnam-- παντελής@b ἄλογος@annns- λείπω@vipe3s δή@b λοιπός@annns- καθά@cs αὐτός@rpnms ὁρμάω@vira2s ὁ@dnns πᾶς@anamp- εὖ@b ποιέω@vnpa-- καί@cs μιμέομαι@vnpe-- ὁ@dafs θεῖος1@anafs- ἐν@p ἄνθρωπος@ndmpc φύσις@nafsc πρᾶος@b μέν@b ἔχω@vnpa-- πρός@p ὀργή@nafsc ὁ@dgfp τιμωρία@ngfpc δέ@b ἀφαιρέω@vnpe-- ὁ@dafp χαλεπότης@nafpc πταίω@vpaadmp δέ@cs οἴομαι@vipe1s ὁ@ddmp ἐχθρός@ndmpc ἐπιεικής@b καί@cs εὐγνώμων@b προσφέρω@vnpe-- οὗτος@rpanp πράσσω@vppanms οὗτος@rpanp θαυμάζω@vppanms οὗτος@rpanp ὁ@ddmp ἄλλος@rpdnp προστάσσω@vppanms μιμέομαι@vnpe-- ὁ@dafs ῥώμη@nafsp μέν@b ἔτι@b ὁ@dgms τύραννος@ngmsc κρατέω@vppagms ὁ@dgfs ἰταλία@ngfsp διά@p ὁ@dgfs γερουσία@ngfsc εἰς@p παιονία@nafsp μεθίστημι@viaa2s πρόθυμος@anafp- δέ@cs ἔχω@viia2s ὁ@dafp πόλις@nafpc πρός@p ὁ@dafp λειτουργία@nafpc ὁ@dgnp στράτευμα@ngnpc δέ@b ὁ@dafs εὔνοια@nafsc τις@rpnms ἄν@b ἄξιος@b διηγέομαι@voam3s τάξις@nnfsc μέν@b ἱππεύς@ngmpc πρό@p ὁ@dgfs ἐν@p ὁ@ddfs μύρω@ndfsp παράταξις@ngfsc μεθίστημι@vila3s ἐπεί@cs δέ@cs ὁ@dgfs ἰταλία@ngfsp κρατέω@viaa2s πεζός@angmp- κατάλογος@nnmpc καί@cs τέλος@nnnpc λαμπρός@annnp- ἀλλά@b ὁ@dnns μικρός@annns- μετά@p ὁ@dafs ὁ@dgms τύραννος@ngmsc δυστυχής@anafs- τελευτή@nafsc ἐν@p γαλατίη@ndfsp γίγνομαι@vpamnns κοινός@anafs- ἅπας@angnp- δείκνυμι@viaa3s στρατόπεδον@ngnpc ὁ@dafs εὔνοια@nafsc ὁ@dams θρασύνω@vppeams καθά@cs ἐπί@p ἐρημία@ngfsc καί@cs ὁ@dafs γυναικεῖος@anafs- ἁλουργίς@nafsc περιβάλλω@vpamams ὥσπερ@b τις@anams- λύκος@namsc ἐξαίφνης@b διασπάω@vpaegmp ὅστις@rpnms δέ@b ἐπί@p οὗτος@andfs- γίγνομαι@vira2s ὁ@ddfs πρᾶξις@ndfsc καί@cs ὅπως@cs πρᾶος@b ἅπας@andmp- καί@cs φιλάνθρωπος@b ὁ@ddmp ἐκεῖνος@rpgms γνώριμος@andmp- προσφέρω@viap2s ὅσος@annmp- μηδείς@rpans ἐλέγχω@viie3p ἐκεῖνος@rpdms συμπράσσω@vpaanmp πολύς@angmp- ἐφίστημι@vpragmp ὁ@ddfs κατηγορία@ndfsc συκοφαντέω@ngmpc καί@cs ὁ@dafs πρός@p ἐκεῖνος@rpams φιλία@nafsc ὑποπτεύω@vnpa-- μόνος@anans- κελεύω@vppagmp ἐγώ@rpnms μέν@b ἅπας@angfs- ἀρετή@ngfsc τίθημι@vipe1s οὗτος@rpans κεφάλαιος@anans- καί@b γάρ@b ἐπιεικής@b καί@cs δίκαιος@b φημί@vipa1s καί@b πολύς@anans- πλέος@anansc ἔμφρων@b πράσσω@vnre-- ὅστις@rpnms δέ@b ἄλλως@b ἡγέομαι@vipe3s καί@b ὁ@dgfs περί@p ὁ@dgns πρᾶγμα@ngnsc ἀληθής@angfs- ὑπόληψις@ngfsc καί@cs ὁ@dgfs σός@angfs- γνώμη@ngfsc διαμαρτάνω@viaa3s ὁ@damp μέν@b γάρ@b οὐ@b ἐλέγχω@vpapamp δίκαιος@annns- εἰμί@viia3s ὡς@cs εἰκός@vpranns σώζω@vnpe-- ὕποπτος@anafp- δέ@cs ὁ@dafp φιλία@nafpc καί@cs διά@p οὗτος@rpans φευκτός@anafp- οὐδαμῶς@b οἴομαι@viie2s δεῖ@vnpa-- κατασκευάζω@vnpa-- ὑπό@p ὁ@dgfs ὁ@dgmp ὑπήκοος@ngmpc εὔνοια@ngfsc εἰς@p οὗτος@anans- μέγεθος@ngnsc αἴρω@vpapnms καί@cs πρᾶξις@ngfpc ἀλλά@b καί@b ὁ@dams παῖς@namsc ὁ@dgms τολμάω@vpragms νήπιος@anams- κομιδῇ@b ὁ@dgfs πατρῷος@angfs- οὐδείς@rpans ἐάω@viaa2s μετέχω@vnaa-- ζημία@ngfsc οὕτως@b σύ@rpdfs πρός@p ἐπιείκεια@nafsc ὁ@dnfs πρᾶξις@nnfsc ῥέπω@vppanfs τέλειος@angfs- ἀρετή@ngfsc ὑπάρχω@vipa3s γνώρισμα@nnnsc"
